10000
4195529
4194754
4196823
4195943
4198930
4197730
4193647
4197428
4195570
4200048
4198264
4198008
4200522
4197472
4199007
4196683
4195662
4199973
4196839
4191674
4200400
4199678
4194407
4193035
4194350
4195882
4198575
4199536
4192414
4199220
4191627
4199078
4194457
4191933
4196346
4193472
4191254
4197370
4195669
4200566
4196252
4197307
4192295
4197326
4192712
4191687
4199442
4195503
4193448
4197637
4192366
4193354
4197077
4194991
4191979
4195890
4200353
4198983
4193147
4193279
4197864
4193030
4191660
4193024
4192137
4195976
4190969
4194898
4200358
4198905
4197226
4191499
4191393
4193504
4195006
4198210
4198325
4196999
4196327
4192545
4190833
4190963
4194103
4193492
4195518
4192195
4200544
4193549
4198990
4200356
4196937
4195774
4193971
4194157
4193952
4194608
4197788
4197478
4199289
4199896
4197466
4196631
4196124
4197648
4192148
4194409
4191487
4197658
4192094
4194976
4197425
4192483
4197857
4199634
4198857
4198322
4193244
4193977
4195076
4196830
4192564
4198998
4195610
4193946
4195294
4190849
4192249
4195556
4192721
4195780
4198429
4199642
4194044
4199401
4191896
4194056
4199500
4198512
4193738
4194392
4195004
4198584
4197164
4198000
4193407
4192591
4198908
4198265
4190805
4194239
4195515
4197262
4192131
4199813
4190838
4192703
4199745
4190858
4195552
4193771
4195223
4197272
4193037
4195391
4195888
4192205
4198564
4195574
4197552
4192594
4196672
4200318
4196116
4199612
4191027
4194285
4200005
4194476
4191986
4191444
4191273
4194734
4194172
4193797
4194606
4191961
4192484
4198778
4196271
4190944
4194940
4196274
4200341
4192692
4193120
4199610
4191488
4194315
4192256
4193329
4199418
4194436
4199740
4199340
4198399
4199378
4197225
4200394
4196406
4190926
4195747
4198379
4199192
4192452
4193008
4191753
4191809
4199327
4196011
4196793
4198533
4198963
4191832
4199674
4196661
4194400
4196807
4194468
4192679
4200547
4195956
4191191
4196700
4194003
4192910
4198471
4194652
4198255
4193364
4196390
4199304
4195047
4199177
4196147
4200626
4198862
4200509
4196049
4198306
4191790
4195658
4198817
4193510
4199846
4191954
4191349
4199852
4191756
4193327
4199124
4193306
4199476
4192271
4199358
4198714
4196901
4191780
4196912
4192950
4191195
4199874
4192415
4197748
4199450
4197822
4196525
4191826
4199123
4192426
4192321
4196381
4190874
4193234
4192092
4192011
4195434
4198943
4193288
4191305
4196487
4193646
4191157
4195033
4196931
4194704
4196699
4196507
4194317
4191312
4192685
4200126
4195435
4191895
4193916
4199181
4191029
4196885
4191960
4198844
4194123
4198069
4192071
4198007
4191572
4194711
4193417
4199760
4198203
4192219
4200077
4192557
4195932
4199990
4196379
4199114
4193530
4193291
4200726
4199818
4198836
4191873
4200074
4193345
4191242
4197246
4198464
4195516
4194964
4199156
4194611
4193059
4196725
4199062
4193816
4190911
4196920
4200266
4195279
4192063
4196584
4195139
4196917
4193474
4190769
4195200
4194410
4192700
4192409
4196260
4198566
4199632
4197623
4199884
4196989
4194799
4193322
4197666
4197187
4191090
4194146
4194678
4195652
4190825
4194458
4194688
4194923
4197792
4200580
4200323
4199420
4193183
4196686
4197951
4193727
4191420
4191301
4198245
4199586
4195730
4197738
4199542
4193764
4197838
4198552
4194179
4192331
4196667
4200060
4200025
4190910
4194232
4193666
4198340
4198095
4191558
4194011
4195547
4197302
4198024
4195083
4193701
4200009
4195071
4192919
4192980
4197500
4197629
4198097
4194935
4196892
4196392
4196797
4196947
4199160
4196954
4195579
4192025
4191365
4193821
4191804
4200506
4195403
4190916
4193663
4193310
4199980
4191430
4194045
4192048
4200151
4195683
4194602
4193753
4190901
4198240
4196730
4193049
4194982
4198664
4194668
4197188
4193389
4194330
4197816
4199119
4195132
4197199
4196846
4191682
4198058
4199783
4196524
4196542
4194758
4200145
4196748
4194543
4200211
4197167
4196855
4199266
4194553
4193552
4193405
4191441
4194187
4199977
4199263
4198465
4199000
4196552
4194471
4195609
4196495
4195216
4197027
4192542
4191740
4198202
4193511
4197209
4196934
4197884
4192146
4192154
4193198
4200046
4195048
4192417
4195594
4191366
4197079
4195584
4194320
4194065
4190864
4196843
4195820
4192521
4193118
4200403
4195402
4193658
4192516
4193149
4191603
4196231
4191421
4191402
4191564
4195740
4196283
4196370
4198756
4200297
4195637
4198907
4195951
4194211
4194945
4192430
4199392
4195429
4200057
4193182
4195445
4196658
4196812
4198173
4191840
4194524
4194539
4191002
4200413
4195313
4200700
4197794
4194586
4198248
4197853
4191462
4200743
4192680
4198622
4193233
4195928
4192262
4191220
4194910
4193645
4192412
4192733
4197058
4195540
4191671
4195390
4198617
4198980
4194755
4191263
4199764
4194760
4198188
4197747
4196688
4198190
4193005
4192265
4194087
4197755
4195125
4193828
4191563
4199035
4200734
4193033
4193628
4195392
4191278
4198155
4193213
4195741
4195744
4196479
4196852
4192552
4196847
4199423
4196436
4196753
4194462
4195020
4194852
4198860
4191306
4193513
4200180
4195104
4194205
4193656
4195751
4198557
4197450
4194895
4195301
4196893
4196244
4197469
4200404
4193999
4195051
4195095
4198504
4196744
4193671
4190897
4190927
4197391
4198670
4195537
4195959
4194745
4196301
4197043
4197378
4196227
4192035
4192276
4193568
4191314
4200645
4192592
4199022
4195444
4195554
4197395
4193940
4191700
4193578
4199789
4193177
4196882
4196902
4198614
4193775
4197166
4194723
4200585
4192633
4194374
4195964
4195920
4195456
4197740
4196639
4195569
4194293
4196877
4191429
4193311
4192667
4199449
4192368
4191698
4199527
4200359
4200381
4191287
4191203
4194117
4192101
4196494
4198257
4197360
4196119
4196719
4191031
4199020
4194973
4195998
4199011
4196378
4196665
4194683
4195631
4198473
4195986
4195343
4191199
4195877
4194204
4193886
4194246
4198360
4197400
4199871
4193744
4195215
4197329
4195810
4199502
4199193
4195507
4199717
4191355
4193987
4198635
4194213
4193805
4191367
4193393
4196986
4198233
4194584
4200513
4195234
4192677
4194497
4194823
4200087
4193935
4194693
4197084
4192572
4194625
4192858
4191655
4193885
4196549
4196559
4194777
4197490
4198180
4197754
4197348
4198709
4200501
4200396
4191992
4192566
4192731
4199877
4195513
4197369
4193222
4193829
4193697
4199558
4192362
4200721
4192641
4192722
4193056
4192826
4191074
4197694
4194294
4192678
4198387
4192726
4193143
4190943
4197372
4196096
4197123
4199606
4194099
4191665
4192413
4199592
4193066
4195593
4199665
4192407
4196221
4197493
4192090
4198758
4196026
4192002
4198567
4193662
4199172
4195230
4200287
4200632
4192006
4199109
4192015
4194118
4197567
4192029
4198126
4192528
4192666
4191556
4195673
4193831
4193689
4193763
4194480
4192126
4193814
4198556
4195493
4199563
4197639
4193269
4199574
4192220
4190980
4197218
4198020
4190841
4195179
4196358
4196555
4198799
4196993
4192669
4196248
4192185
4192561
4191738
4192817
4193936
4198865
4199306
4197699
4192269
4196146
4198279
4196476
4194714
4199018
4200236
4196330
4198580
4195797
4198596
4197293
4192437
4194740
4190824
4193853
4195097
4191299
4196557
4192385
4193981
4198555
4198050
4199666
4193985
4196749
4192252
4198029
4192023
4197858
4200351
4200465
4196021
4199279
4198814
4195044
4196137
4191438
4197718
4191342
4200026
4190999
4193344
4192144
4200581
4190848
4196544
4200712
4191715
4192378
4190960
4192274
4197851
4199155
4198293
4191285
4193435
4200269
4191521
4200172
4199631
4194786
4195681
4192537
4196125
4199754
4192239
4193076
4194842
4191382
4195512
4191459
4190840
4197962
4196464
4193732
4199291
4192790
4193195
4197604
4194481
4192047
4193160
4194710
4193536
4195900
4193224
4199351
4200349
4191767
4194601
4200322
4193564
4191017
4199012
4199844
4198411
4192957
4191937
4196820
4192238
4200565
4195467
4198074
4198947
4192165
4197752
4192028
4193970
4198068
4192199
4196035
4197285
4198964
4191356
4192294
4196030
4193371
4190770
4199544
4196154
4195147
4191844
4197309
4195659
4198146
4200001
4196389
4197317
4200255
4192293
4197324
4191727
4192927
4199839
4191643
4197206
4192604
4190794
4199115
4192091
4196239
4193879
4191075
4194383
4193343
4200473
4196140
4192541
4193721
4200328
4196506
4196873
4198656
4192196
4192737
4200646
4194372
4199901
4195811
4191837
4195316
4194228
4191309
4199416
4193046
4197516
4194202
4196135
4196229
4194788
4191949
4198449
4193388
4194587
4193123
4198537
4196354
4198696
4196319
4191881
4195286
4191062
4200113
4197373
4191608
4198699
4194336
4193105
4193924
4200091
4192765
4192315
4198800
4192884
4191883
4196040
4198763
4199472
4190832
4199104
4195965
4195276
4195857
4198036
4199720
4192605
4199639
4197021
4193003
4194199
4194346
4195709
4194423
4198523
4192036
4197750
4199727
4193703
4199590
4198546
4192813
4199233
4200177
4199788
4200052
4199712
4193491
4198082
4199048
4191880
4198313
4196961
4191087
4193603
4200713
4196102
4196659
4195487
4192524
4193063
4199203
4195782
4195732
4195970
4197824
4195649
4196145
4196467
4199154
4197909
4192734
4191721
4194158
4191628
4198316
4194864
4200120
4197060
4190804
4200526
4192098
4194314
4193374
4194551
4199566
4197427
4194290
4200722
4199801
4197003
4197214
4194681
4200378
4192084
4196275
4194968
4192341
4191038
4198962
4191520
4197012
4198961
4192587
4198497
4196253
4197703
4199548
4196723
4192838
4193502
4191084
4195846
4198792
4190961
4199615
4200503
4198611
4199225
4193272
4190781
4197155
4199331
4195341
4191910
4195064
4193627
4194515
4193735
4198320
4195090
4197814
4191340
4193372
4193134
4196019
4198446
4196315
4200548
4199810
4194484
4193022
4195412
4191601
4194663
4191712
4198723
4196396
4196488
4191672
4192981
4198201
4192611
4200482
4196808
4198112
4192776
4191683
4193547
4194053
4198974
4199755
4194540
4192395
4198813
4190844
4191216
4197941
4198420
4196067
4193675
4196046
4196676
4195008
4198538
4195848
4197489
4193125
4191777
4196163
4200618
4198455
4193065
4196693
4199746
4197162
4195608
4193482
4195734
4191364
4200477
4196079
4197916
4195526
4195711
4198706
4197335
4200233
4196198
4199093
4196953
4193901
4200119
4200447
4198683
4199628
4194817
4193607
4197211
4196503
4197338
4194292
4199951
4197564
4197894
4193798
4196577
4193941
4196913
4196031
4194571
4194107
4194461
4193754
4194167
4199579
4200210
4195795
4193733
4197119
4192211
4191889
4197687
4193610
4195905
4195763
4195618
4200123
4196861
4197008
4196165
4196420
4199173
4194439
4191045
4194054
4194012
4198273
4195042
4192991
4197780
4192042
4197797
4198014
4192801
4196956
4198848
4195171
4193711
4199322
4196966
4194893
4196970
4200542
4197416
4191867
4192996
4198183
4200752
4194052
4195252
4191735
4196176
4199041
4195388
4199537
4199139
4199108
4197898
4191917
4199673
4194072
4195856
4197581
4190886
4191270
4196977
4198409
4198338
4199422
4195232
4195021
4196225
4198720
4192628
4192616
4193197
4192129
4195612
4190774
4199601
4195166
4195361
4198164
4192288
4191448
4199797
4195336
4195919
4196617
4196894
4191158
4195482
4194235
4193293
4192944
4193086
4200591
4200753
4199359
4194902
4195641
4198129
4194818
4194933
4196994
4195453
4198570
4198223
4191182
4198581
4194033
4191728
4197141
4199782
4195621
4192660
4190976
4199779
4194322
4196007
4191262
4191915
4195354
4196477
4196240
4191795
4192942
4198104
4193313
4197483
4197686
4196323
4196692
4197232
4195949
4194829
4192245
4198719
4196314
4198818
4198869
4195426
4191554
4192598
4193702
4199403
4196610
4192672
4195883
4196653
4194581
4198291
4191820
4195955
4195102
4196957
4194790
4198493
4199064
4191926
4196402
4194896
4199298
4195685
4193976
4192216
4192136
4199922
4191060
4191801
4196627
4191386
4193290
4197582
4198591
4198118
4195912
4199543
4200039
4198110
4199025
4193679
4192702
4198406
4191339
4193158
4197296
4194277
4200270
4195298
4197029
4196679
4193717
4196474
4194575
4192749
4200745
4197022
4199763
4194214
4195759
4196777
4198863
4192839
4194496
4195825
4195904
4194812
4194450
4198343
4200557
4192133
4199463
4196156
4200257
4192296
4193363
4196781
4198837
4195464
4191646
4194546
4199819
4194775
4191846
4200029
4194757
4196052
4199881
4198729
4196718
4193626
4198543
4191183
4192896
4194908
4196367
4191760
4196547
4197860
4196599
4200089
4197594
4191452
4193825
4195416
4193974
4196652
4197295
4191120
4196262
4191227
4192890
4191638
4200554
4190907
4193785
4193305
4194276
4191899
4200502
4191166
4200552
4195950
4193316
4190977
4199541
4200344
4191886
4198937
4192828
4198052
4195348
4193256
4200624
4192619
4197883
4199352
4192787
4191471
4193294
4195490
4198955
4199037
4193107
4191409
4199325
4198839
4191989
4198274
4197920
4195057
4193912
4197532
4199466
4194952
4193908
4197969
4196014
4200692
4196141
4194005
4196859
4199317
4192844
4198488
4194722
4196929
4191260
4200102
4195421
4195457
4191848
4200599
4197224
4197437
4194529
4192593
4192595
4198480
4197527
4195690
4192994
4195475
4200694
4194942
4192226
4196502
4193620
4197511
4192941
4190985
4195038
4196553
4197982
4197575
4191023
4191869
4192730
4195317
4200222
4192456
4191114
4192563
4199989
4197772
4194970
4197254
4192301
4191540
4191141
4198445
4192953
4200616
4191904
4194380
4194635
4196438
4200429
4196473
4197102
4200096
4198314
4192495
4193489
4194076
4195394
4191695
4195096
4200224
4194862
4190995
4192393
4197092
4194399
4192549
4193346
4195867
4191872
4198607
4192095
4193608
4195771
4191133
4196835
4192465
4195525
4199559
4195850
4197767
4192738
4199885
4193634
4192777
4199427
4199616
4191277
4197985
4198573
4193672
4191620
4200273
4199972
4199521
4199833
4192327
4194286
4194890
4200476
4194566
4199787
4195157
4192565
4200605
4191610
4198452
4192114
4190771
4196799
4194376
4191701
4194046
4194550
4194051
4194746
4200483
4195587
4190834
4197351
4192590
4191072
4193849
4191138
4192386
4196963
4192352
4195292
4198774
4195069
4197095
4199800
4196800
4197006
4198829
4197120
4198643
4192158
4194455
4195632
4192041
4194564
4193051
4196984
4194440
4196043
4192951
4199021
4191011
4193678
4198171
4191244
4198995
4193635
4196427
4197288
4193206
4193807
4191041
4197222
4196029
4197803
4196629
4193283
4199916
4193383
4198858
4200536
4196806
4195087
4195826
4199094
4195419
4199830
4191408
4193116
4196008
4191629
4198185
4193450
4194097
4194364
4192342
4196648
4191236
4192081
4194753
4197885
4194460
4191030
4193392
4192912
4191170
4196572
4195722
4192874
4200259
4191902
4198045
4199598
4197083
4197047
4196013
4194267
4197281
4198896
4191923
4200127
4197274
4191991
4198221
4198438
4194598
4196117
4197379
4197811
4195679
4195089
4191838
4194623
4197544
4195947
4197176
4192065
4198968
4200558
4194558
4195365
4200308
4191368
4194231
4195707
4193127
4191515
4191808
4190803
4194028
4197846
4200740
4196201
4195999
4191634
4194357
4198997
4195417
4198660
4193139
4197597
4193729
4192634
4191480
4194713
4195112
4200267
4192648
4200275
4191920
4195891
4191381
4196773
4196142
4191548
4192177
4196398
4193361
4196345
4192657
4200274
4195753
4191506
4191745
4194599
4200258
4192207
4200436
4192644
4191073
4194863
4198734
4196098
4192956
4196736
4198027
4200189
4194680
4198393
4194920
4200244
4191197
4193088
4193391
4195694
4195478
4193621
4197504
4193779
4195302
4191622
4196944
4192104
4195903
4199179
4197203
4200761
4197944
4197042
4192992
4192470
4194355
4197230
4198891
4192119
4193276
4192132
4200243
4196451
4199949
4192943
4194719
4193989
4197097
4191479
4200066
4197790
4190988
4192404
4197115
4194677
4198820
4193452
4194751
4198034
4197099
4192340
4192877
4198785
4197182
4192306
4192507
4194752
4197503
4194026
4195078
4195770
4198775
4192302
4190889
4194887
4199089
4192539
4195396
4200683
4195093
4194975
4193633
4197978
4199641
4192805
4192997
4200241
4197700
4195746
4191394
4193424
4191741
4198148
4191675
4193047
4200443
4191437
4200342
4196212
4196714
4199866
4196104
4196795
4195617
4200369
4196183
4191836
4198094
4200559
4195352
4192345
4197464
4200628
4192583
4193845
4197184
4200754
4194020
4200670
4193420
4200663
4197020
4199116
4199312
4197002
4192820
4193878
4190809
4195971
4195099
4194509
4195917
4195395
4191247
4199623
4194884
4195270
4191652
4190787
4193720
4195800
4192736
4190967
4199100
4192168
4196833
4194217
4199619
4198009
4198951
4195349
4199726
4198275
4197257
4196788
4198002
4198307
4195442
4199188
4193623
4194825
4198826
4194341
4195015
4192051
4193958
4194854
4193546
4195978
4198687
4197522
4196862
4196215
4199732
4195163
4197955
4198407
4190777
4194134
4198868
4191963
4194301
4198310
4192745
4194637
4194396
4191463
4200008
4199761
4197849
4193804
4200198
4194421
4192050
4199492
4195284
4199397
4199956
4199710
4197647
4196870
4199429
4193683
4193570
4190767
4193944
4191691
4194690
4200678
4194965
4194287
4195577
4191111
4197807
4197264
4195443
4199508
4199583
4195991
4194485
4194947
4199058
4199807
4198064
4193537
4194712
4199205
4192425
4193902
4198023
4191245
4194682
4194401
4193848
4196884
4199624
4196845
4190791
4194725
4199676
4199162
4195002
4191146
4198114
4199245
4197104
4198610
4197038
4199858
4197910
4192506
4197384
4191105
4191744
4198015
4192086
4199090
4200627
4200742
4196028
4193505
4193588
4197301
4192273
4194482
4199467
4191782
4191172
4200759
4199878
4197852
4192215
4198333
4194368
4194835
4195269
4192212
4196790
4196204
4200098
4200017
4195454
4191036
4195821
4192698
4198828
4197931
4191205
4196254
4195144
4200146
4196545
4198089
4197508
4196592
4198593
4199627
4198780
4199400
4191927
4198894
4194626
4197609
4200433
4192759
4191378
4193220
4199696
4199092
4193529
4190868
4190850
4193259
4192167
4191095
4191012
4197076
4199120
4197250
4190860
4200263
4191261
4198569
4193453
4191283
4194426
4197429
4193286
4192976
4194160
4193795
4200309
4193339
4191533
4199539
4196713
4199869
4194238
4200047
4194821
4200314
4193919
4195953
4196571
4192643
4194208
4194274
4199557
4200326
4191211
4200082
4200213
4190939
4193741
4197671
4197939
4198815
4196876
4191116
4192330
4193748
4191830
4197891
4194302
4198700
4198469
4190795
4197517
4199224
4196936
4197417
4191699
4190778
4197737
4198278
4195534
4198189
4197775
4197052
4192883
4195297
4199718
4191752
4191770
4197161
4197934
4193859
4196674
4196441
4194196
4193556
4191609
4193475
4191781
4197432
4198037
4199584
4195843
4198119
4195195
4192603
4199640
4193660
4194634
4191664
4198540
4193373
4200201
4194429
4196987
4191089
4193969
4192835
4192517
4192851
4196739
4193690
4191335
4194237
4193113
4194934
4195816
4199515
4200204
4195162
4197033
4198542
4195479
4191784
4192808
4193184
4192477
4197670
4193039
4198376
4199196
4199034
4193367
4191621
4194324
4191275
4200451
4196366
4199680
4198834
4191947
4193153
4198935
4197560
4192725
4191806
4193069
4191063
4195997
4194901
4198107
4199063
4199545
4192493
4191416
4195687
4192438
4192500
4193980
4193340
4196405
4197669
4198092
4194701
4195756
4197171
4199728
4198103
4197135
4199687
4194356
4191108
4193826
4199935
4191856
4200170
4191911
4199953
4195173
4193984
4197059
4196958
4199945
4192396
4199635
4195067
4199776
4190892
4199231
4195409
4196429
4196500
4198889
4195567
4196975
4194388
4191706
4199308
4197970
4194716
4194819
4199297
4198482
4192940
4195447
4197459
4195462
4197817
4193877
4194958
4191772
4194815
4199301
4197056
4191176
4200445
4196425
4192567
4199051
4195176
4194925
4195934
4195586
4200076
4196185
4196313
4191174
4200486
4197573
4196339
4199967
4198923
4200304
4195282
4198136
4196664
4199444
4192811
4198559
4198066
4193078
4196401
4192424
4197198
4200003
4198158
4198914
4197377
4198468
4193358
4197231
4197367
4198243
4193496
4200556
4194303
4191298
4197465
4193949
4193712
4195671
4197253
4199739
4196651
4194906
4199433
4195340
4199318
4193043
4191746
4191518
4192977
4200543
4195428
4194569
4197433
4195278
4191297
4197831
4192247
4197739
4198795
4192900
4195160
4193765
4195480
4195424
4196172
4192359
4192923
4194699
4191669
4193348
4197550
4191405
4192544
4199534
4197770
4197207
4197180
4191498
4197114
4192191
4197899
4197028
4192888
4191676
4199903
4197244
4192968
4200442
4194837
4196967
4192973
4196632
4194512
4194809
4196802
4195605
4197769
4195717
4196443
4197451
4196322
4200373
4198727
4192377
4199921
4194010
4197557
4193716
4196342
4199299
4197886
4200455
4200311
4191490
4198256
4198665
4191677
4193906
4194047
4197401
4196962
4191096
4198992
4192309
4193664
4194416
4197402
4196825
4200751
4192363
4199786
4197836
4198960
4192586
4196907
4200372
4193535
4199791
4194178
4197880
4197040
4196769
4194147
4198425
4191555
4191123
4191812
4198750
4197072
4194689
4200715
4198888
4192178
4193292
4191835
4198040
4197625
4200090
4195926
4192894
4198414
4199027
4195908
4191661
4196834
4200474
4200550
4196591
4192799
4197280
4192147
4195614
4195440
4193133
4192796
4197485
4191472
4192298
4197635
4196668
4191688
4198117
4195979
4194761
4199383
4196376
4193246
4196355
4190831
4200598
4191505
4194882
4192913
4197721
4195328
4195205
4194984
4193863
4198286
4190873
4198739
4193386
4198659
4196020
4197068
4191295
4200748
4192867
4199202
4193481
4196484
4194227
4192577
4191582
4191849
4199560
4191360
4193796
4192719
4197026
4200133
4195651
4193165
4195804
4198145
4192408
4196245
4196363
4198831
4197322
4199593
4199445
4191269
4191047
4200601
4199715
4196472
4198260
4192046
4193020
4192752
4198080
4194004
4193723
4196250
4193225
4200132
4200230
4193478
4191868
4197256
4191877
4199293
4193151
4200384
4193404
4194724
4197411
4197702
4199145
4195787
4200615
4199497
4192439
4192815
4196796
4193227
4191766
4192140
4191500
4194498
4200112
4200499
4192645
4191829
4197977
4195603
4199367
4198439
4200214
4200638
4200568
4198678
4191663
4193780
4194927
4194691
4195792
4200604
4196940
4195107
4197929
4196458
4198534
4192848
4199561
4198572
4191054
4196415
4195531
4194263
4199683
4197667
4191180
4199191
4198642
4193893
4197452
4197397
4194851
4195623
4196169
4193990
4198418
4198544
4192530
4197657
4195677
4192936
4197796
4192055
4200044
4190821
4192100
4192540
4193743
4195233
4196774
4193446
4192625
4198755
4200301
4192832
4200388
4200208
4193468
4191486
4197263
4194351
4193745
4196611
4198268
4195672
4192117
4193918
4194929
4194644
4197353
4200331
4198698
4199099
4195723
4198150
4200302
4199999
4194872
4192348
4191843
4199274
4199125
4199484
4196431
4195080
4191632
4198524
4196715
4198323
4199128
4198405
4198046
4194131
4194646
4196996
4195088
4199630
4193691
4198793
4194948
4195363
4191705
4198630
4192188
4192536
4193579
4197100
4192704
4200190
4190984
4193380
4191331
4190902
4194446
4194190
4190884
4197343
4193289
4200235
4193048
4195984
4194175
4194215
4196682
4200199
4195865
4200456
4199341
4194521
4196871
4193084
4191051
4192151
4197919
4192020
4196452
4198530
4192748
4196099
4190887
4191852
4200310
4195806
4191567
4190866
4196918
4194868
4193722
4199519
4198499
4194420
4192121
4199174
4190979
4192937
4196854
4191048
4195022
4194323
4195833
4195642
4197048
4194169
4197879
4199337
4197318
4190987
4192198
4194721
4195420
4192347
4198426
4194074
4198196
4193148
4198304
4199663
4194800
4192258
4197538
4197501
4197169
4193095
4197692
4192960
4195501
4193891
4200659
4192222
4198101
4200355
4200069
4191932
4193334
4200649
4198301
4195031
4193768
4196133
4195126
4196576
4193993
4191442
4197025
4195181
4200271
4198956
4195017
4198206
4191934
4200674
4199551
4197602
4194750
4195358
4199300
4198494
4192431
4191064
4191507
4196814
4199965
4196045
4198207
4196082
4194899
4197859
4200183
4200729
4192852
4198182
4193117
4194955
4192929
4199711
4196177
4199459
4194961
4193643
4195369
4194995
4195969
4199091
4197358
4192180
4193637
4196394
4195571
4194647
4194557
4196976
4193014
4195982
4191716
4195794
4199493
4199609
4192843
4192253
4193073
4199350
4197998
4193839
4191494
4191593
4195738
4200016
4192784
4190918
4200551
4196578
4194878
4193619
4193674
4195613
4192316
4196285
4196640
4197992
4195841
4191467
4192783
4198384
4200475
4199637
4200405
4194804
4192322
4200755
4195845
4199469
4195410
4198441
4191361
4199414
4197305
4197688
4200472
4193137
4195030
4193219
4199693
4200594
4199868
4190789
4195219
4192962
4197781
4197290
4199478
4199554
4199585
4200334
4199405
4198096
4199447
4194667
4195750
4191253
4194675
4197818
4191718
4194390
4194340
4193783
4193455
4197972
4194889
4196189
4191731
4192142
4197196
4194770
4198946
4196921
4195661
4200691
4199837
4193856
4200084
4200461
4199827
4195748
4196261
4198356
4198377
4197867
4196942
4193326
4200508
4193979
4200704
4192597
4196048
4198120
4192607
4192120
4194018
4197974
4191059
4200507
4191417
4195187
4192609
4194503
4193201
4194138
4199495
4194876
4200703
4200020
4195767
4198932
4190971
4200764
4191109
4200449
4199028
4194354
4200167
4193542
4195059
4200387
4198463
4194997
4193736
4192546
4194510
4198081
4198436
4191412
4196129
4196995
4195650
4199147
4191729
4191115
4192246
4190962
4192375
4200620
4197810
4197009
4190766
4191577
4196243
4198797
4199190
4195962
4192267
4194670
4198710
4192251
4192449
4193932
4194793
4197690
4193698
4197708
4198444
4197842
4197144
4195046
4195483
4192585
4191134
4192504
4196804
4195923
4194308
4194560
4196276
4193281
4195674
4200350
4191464
4195146
4195472
4191372
4196414
4200002
4199549
4193840
4192534
4194459
4199773
4199142
4198503
4190796
4196186
4196318
4199571
4199311
4194877
4196437
4192761
4195527
4197474
4190981
4199250
4199996
4198347
4196114
4198422
4191595
4198819
4197603
4195427
4195916
4190837
4199262
4200033
4191155
4191913
4199798
4193437
4193382
4193058
4198708
4196109
4197677
4192887
4199703
4195345
4195755
4191404
4199216
4191473
4193894
4193904
4199019
4198933
4198647
4195437
4197443
4196485
4194061
4193395
4200361
4194537
4195318
4195697
4198204
4195924
4200724
4199102
4198713
4199853
4194589
4191097
4197756
4197895
4198332
4191325
4194987
4193725
4198938
4196209
4192076
4196226
4197442
4193686
4200059
4196657
4193994
4193168
4193961
4194544
4194735
4193411
4193978
4193171
4193580
4200366
4191165
4194121
4199867
4197531
4191987
4197921
4192382
4199633
4200680
4194156
4192139
4197080
4194631
4193986
4194861
4195522
4193018
4197600
4199556
4195533
4191936
4191209
4193852
4196922
4195532
4198076
4195785
4198757
4191929
4199501
4195633
4199077
4195254
4193996
4200707
4199083
4198812
4199256
4199766
4200276
4200662
4200415
4199002
4196615
4198141
4196654
4192904
4192069
4196842
4191625
4200514
4199792
4199825
4198259
4200432
4197890
4196496
4193218
4191822
4194959
4198954
4192360
4193708
4200457
4196742
4197922
4193822
4192374
4200498
4190921
4199417
4199509
4200245
4192010
4192016
4199654
4200439
4197454
4191720
4199758
4198663
4193920
4191468
4194996
4196560
4199164
4200285
4196569
4191318
4195389
4197757
4192729
4191407
4200376
4192469
4195994
4196263
4192723
4198321
4199516
4198893
4193497
4193307
4200516
4195676
4199338
4196377
4197715
4191296
4197286
4200592
4198986
4199004
4193773
4191243
4194773
4196707
4200330
4194154
4199587
4191231
4194621
4200223
4191396
4191026
4200437
4191901
4197994
4192401
4197294
4196027
4199595
4197717
4197138
4200512
4192906
4194578
4192227
4198447
4198135
4194666
4200038
4197497
4200738
4195545
4197601
4191519
4196086
4199644
4194375
4196167
4197488
4194629
4199647
4199087
4198459
4198200
4197328
4192686
4192573
4198822
4194493
4195151
4199979
4198724
4195897
4193636
4196935
4191028
4191764
4195884
4199152
4194057
4195590
4194684
4196409
4195866
4195595
4198641
4193079
4194841
4196073
4191810
4193897
4199437
4191122
4195812
4193617
4196195
4194367
4194112
4195461
4199380
4191106
4192798
4193487
4192958
4193369
4195913
4200097
4191711
4195145
4193320
4200219
4191482
4198833
4199864
4197716
4198728
4197622
4196290
4194155
4200360
4197783
4191135
4199863
4200750
4196063
4199354
4194590
4198254
4197310
4198884
4200292
4198845
4198398
4193304
4191561
4199529
4200099
4199821
4192003
4191662
4191845
4193368
4195052
4191709
4191821
4191597
4192054
4191657
4198765
4197221
4199258
4196179
4194838
4194266
4200100
4197611
4193642
4196216
4195725
4191025
4195599
4198735
4199088
4195901
4195265
4194843
4194993
4197614
4198789
4193761
4197347
4197719
4196874
4191514
4193874
4194971
4198877
4193824
4198599
4198873
4192717
4200607
4194885
4197904
4194643
4198170
4194369
4195808
4197706
4199902
4196533
4197365
4197675
4195598
4192429
4192325
4197588
4192319
4199834
4192422
4200174
4198288
4191177
4200085
4194257
4193724
4198283
4193860
4196258
4199753
4194582
4197107
4194870
4200303
4197410
4199697
4193838
4200178
4196400
4192001
4197341
4194229
4191909
4195495
4198353
4192343
4196461
4194082
4192496
4195749
4199168
4192512
4193832
4197918
4199131
4194194
4193777
4192300
4193434
4193262
4192390
4192365
4200470
4195560
4197734
4199303
4193044
4195194
4196763
4195192
4195874
4194417
4194089
4200757
4193695
4192467
4199667
4192078
4191148
4191092
4200104
4191871
4196036
4198671
4191387
4192200
4200622
4198919
4197403
4196979
4196634
4192891
4198832
4194019
4197986
4197964
4192312
4197045
4192794
4195182
4192639
4200441
4191010
4191258
4195622
4197576
4196604
4199617
4191841
4192008
4194768
4192842
4195415
4199407
4193300
4195165
4196010
4197011
4191903
4195111
4200056
4197088
4192837
4196060
4191713
4195056
4197345
4194329
4191286
4200282
4193632
4194827
4193709
4197989
4194209
4199243
4198804
4190932
4194224
4196909
4193929
4198675
4192399
4198143
4198319
4195514
4196701
4197170
4192519
4192559
4193460
4191755
4193431
4192037
4191214
4196130
4197449
4199314
4197631
4199759
4197127
4198887
4193844
4192720
4194900
4197220
4197957
4196891
4191966
4200375
4193209
4192097
4193200
4197312
4191956
4198427
4190816
4198740
4199409
4192523
4195620
4198695
4199671
4192885
4196908
4198898
4199101
4198205
4200695
4199651
4195338
4194414
4194567
4197584
4191892
4194977
4191985
4197376
4192865
4193561
4191406
4194106
4192039
4199257
4193456
4194029
4194093
4195541
4197346
4194853
4193355
4191613
4197685
4193277
4199170
4192356
4199208
4197148
4194141
4199659
4190790
4197094
4195776
4197779
4197523
4192785
4194258
4198975
4191943
4197374
4195154
4196234
4192978
4199573
4192778
4191708
4192708
4196310
4195458
4195451
4196426
4196311
4194108
4193648
4190811
4195562
4193665
4200500
4197252
4193421
4198179
4192105
4194931
4198536
4195274
4194574
4198693
4199184
4195288
4193055
4194393
4196235
4191410
4193562
4192931
4199741
4198018
4200065
4196218
4195728
4196153
4191281
4192684
4195244
4194345
4194622
4199928
4197764
4199708
4197091
4196914
4199926
4191149
4197327
4191397
4199656
4196149
4190863
4194499
4198850
4192018
4200760
4199652
4193296
4197835
4200256
4193004
4191020
4196224
4192491
4194731
4193255
4191492
4194830
4192797
4194077
4194651
4198236
4197303
4197185
4193433
4192963
4196411
4190948
4198737
4196879
4194327
4194149
4200307
4191588
4193676
4200589
4199475
4190956
4197057
4195169
4194911
4192638
4195624
4193081
4194014
4194013
4191522
4200656
4194470
4200687
4191189
4193983
4195407
4195578
4193006
4194782
4196351
4192494
4191032
4192421
4192768
4195555
4195536
4195246
4194102
4190808
4193590
4192757
4191215
4190900
4193273
4195355
4194879
4193122
4192955
4200175
4194441
4192149
4196278
4200265
4199238
4200719
4194904
4191825
4197255
4196360
4193476
4194378
4199366
4199229
4197204
4193565
4191453
4196053
4193769
4195034
4197729
4194921
4196888
4191380
4196083
4191425
4192478
4200690
4191559
4200079
4193324
4196408
4199471
4191851
4199709
4195831
4192671
4198991
4191811
4197061
4198856
4200081
4198282
4200075
4195945
4198249
4196084
4194338
4195123
4199971
4194715
4198535
4195027
4199576
4193959
4195793
4200117
4193869
4197624
4200636
4198295
4191317
4199913
4199079
4196220
4199269
4192786
4191065
4195803
4194726
4195739
4198149
4199370
4199345
4191566
4194844
4199428
4194532
4193555
4197491
4196340
4196388
4192527
4194159
4200673
4193813
4198079
4198892
4194071
4193558
4190957
4195285
4192384
4198904
4197117
4198048
4197713
4200240
4194096
4192710
4192419
4196071
4191077
4200115
4192584
4199171
4200380
4199204
4199144
4196232
4193162
4196384
4192575
4194592
4194479
4191668
4197112
4195818
4197558
4200111
4199716
4200035
4196663
4196905
4195906
4196520
4196637
4196581
4199719
4192548
4192682
4194522
4197541
4191816
4198241
4192397
4198994
4195713
4196107
4196574
4191224
4198277
4197423
4195889
4196857
4195838
4197676
4191414
4193884
4192665
4193704
4199488
4193954
4199029
4197825
4199701
4197872
4193758
4199211
4194412
4197299
4195840
4193204
4195983
4197854
4191624
4200040
4198026
4198777
4194259
4194143
4195597
4190959
4200584
4192190
4197536
4197386
4193740
4199518
4192285
4199572
4199664
4195550
4194275
4195257
4199253
4199882
4191545
4200417
4197656
4199098
4192624
4192024
4191282
4190843
4197956
4198509
4195082
4198124
4196422
4193439
4194469
4195075
4191763
4198912
4191948
4198561
4198623
4193998
4198781
4194486
4199186
4197809
4195543
4193907
4194886
4196428
4193328
4195824
4192961
4195327
4198753
4193557
4194981
4193576
4197943
4191371
4191912
4196541
4191303
4191052
4200697
4193488
4191271
4194443
4195206
4193402
4196938
4194273
4197881
4195530
4200637
4195698
4198684
4200173
4195304
4198637
4191584
4194891
4190854
4197228
4192819
4194772
4191348
4193260
4198563
4193524
4192907
4194183
4199976
4193581
4197078
4197434
4193463
4194880
4200586
4200086
4194513
4197512
4200036
4197418
4191080
4191761
4192833
4200055
4192807
4198099
4191779
4196860
4198624
4197216
4195879
4197258
4195743
4199849
4193068
4191615
4191321
4196567
4190851
4192160
4191000
4200058
4198970
4194371
4191749
4199526
4194639
4191906
4194104
4200347
4193687
4192579
4197938
4196489
4193495
4191544
4195315
4194210
4192283
4192613
4191659
4195175
4197697
4192323
4194425
4197085
4191294
4197247
4199313
4197276
4196288
4195817
4193359
4192800
4197147
4196868
4198939
4196710
4195136
4197106
4196762
4197911
4192150
4195870
4197727
4197724
4191156
4198113
4194871
4192173
4199724
4197108
4196121
4193232
4196671
4196752
4200293
4193136
4194343
4198560
4192135
4198985
4192310
4198378
4191067
4198209
4199986
4199897
4198605
4193715
4198098
4194129
4198156
4197498
4193132
4192608
4195094
4199835
4199597
4200247
4195204
4197902
4198672
4197245
4198881
4191631
4200251
4197125
4200577
4200431
4193013
4192827
4195491
4191710
4195357
4191968
4194381
4196565
4198646
4196782
4199118
4196196
4198154
4193927
4196720
4199997
4199988
4195130
4191860
4198339
4195351
4193080
4196628
4196404
4198127
4194946
4193890
4200371
4197265
4199524
4198759
4200045
4195967
4194999
4192707
4191864
4191225
4193317
4195546
4194915
4200362
4198909
4197948
4197971
4191940
4191944
4191586
4192387
4199909
4197175
4196696
4198006
4196424
4192243
4198931
4193947
4199264
4199785
4192275
4192062
4196517
4193007
4195321
4192622
4199520
4200549
4193092
4196794
4192049
4198924
4199336
4192553
4198582
4199364
4192418
4191207
4196849
4200193
4195980
4199811
4193945
4198085
4198017
4196726
4193312
4191313
4199384
4199552
4198116
4193526
4194833
4193130
4193688
4192705
4193928
4200325
4198766
4192999
4191776
4191828
4199198
4191580
4193187
4193659
4191248
4192193
4196433
4193097
4196590
4200268
4196199
4200186
4193910
4199365
4195993
4199778
4194527
4200452
4197468
4198568
4191400
4198738
4191697
4196522
4192556
4198349
4193082
4190930
4198878
4198506
4191272
4194321
4193951
4200291
4197882
4200406
4192988
4199962
4199373
4192769
4191775
4193019
4199348
4198993
4192934
4195110
4198013
4196449
4198400
4197111
4198157
4191876
4198100
4191044
4191965
4200143
4196734
4200702
4192691
4195508
4198072
4199912
4197277
4191362
4194937
4199920
4192357
4198061
4191228
4197661
4193713
4194015
4191246
4200657
4196132
4192878
4193042
4193522
4192490
4200142
4197163
4190972
4198437
4190867
4198981
4191039
4193100
4199738
4196282
4190870
4196062
4194660
4197054
4192320
4194152
4195134
4199959
4194184
4196898
4198801
4195010
4199662
4192223
4198328
4196589
4199648
4196886
4196784
4192125
4190869
4200735
4194645
4194422
4194756
4199039
4200337
4194600
4195268
4196054
4200254
4196490
4191900
4196675
4198776
4194605
4191536
4200034
4196025
4197682
4191814
4192829
4199343
4192866
4195333
4198733
4190846
4192111
4195309
4199625
4193604
4198847
4191878
4195399
4193865
4195384
4194523
4191743
4193473
4199780
4198790
4194612
4197202
4194116
4193545
4191747
4200531
4199084
4199106
4195273
4192990
4190998
4196120
4200171
4197439
4192879
4200525
4193710
4194000
4198585
4198315
4196764
4191230
4198526
4196210
4194130
4198121
4193409
4193457
4200458
4194075
4199905
4195511
4193749
4200523
4196883
4198022
4199016
4192570
4195085
4198292
4197000
4191495
4199805
4198054
4193871
4191330
4194858
4197030
4196255
4200590
4196813
4197321
4195062
4194954
4190996
4199602
4197742
4196880
4197306
4196573
4195638
4196978
4198595
4198875
4194556
4197352
4197913
4193692
4196085
4195196
4192914
4198228
4194653
4196618
4191186
4192658
4199044
4192040
4195379
4193870
4196498
4200489
4196595
4197181
4193837
4192695
4195109
4195253
4194797
4198592
4192447
4196075
4192646
4198604
4195377
4194796
4197404
4195277
4193518
4194222
4194100
4196928
4200164
4193539
4191630
4197927
4194297
4193397
4198300
4195775
4194695
4196588
4196056
4197481
4195561
4191395
4194585
4191485
4197892
4195310
4196241
4198440
4197546
4193964
4200686
4196952
4196724
4191194
4200028
4198147
4196655
4197771
4200573
4197689
4197243
4191596
4199290
4193594
4194591
4195968
4195143
4199003
4190879
4198562
4191218
4199246
4193742
4191502
4197839
4192060
4192080
4197746
4199284
4191456
4191478
4194218
4193593
4198318
4200435
4196650
4200737
4198648
4198578
4199487
4193939
4200706
4197812
4192307
4200249
4193419
4197787
4190899
4199512
4195972
4200370
4198886
4196439
4192189
4198769
4191447
4197419
4195941
4193812
4196743
4193038
4195881
4193830
4192871
4194328
4191061
4193718
4190765
4191605
4199547
4200160
4191359
4200399
4194279
4194636
4200329
4193533
4198431
4195209
4199880
4197467
4194939
4191424
4200162
4196904
4200363
4200606
4191383
4196550
4197235
4192975
4191538
4200184
4192064
4200497
4192620
4200569
4194325
4199721
4198551
4194780
4198175
4193011
4192659
4194088
4192850
4200092
4200176
4198762
4198375
4194516
4194814
4197640
4199149
4198787
4199919
4199199
4194729
4200278
4191491
4196716
4194151
4195558
4191251
4198084
4195203
4193605
4194442
4192043
4195922
4193657
4192410
4195995
4200425
4196289
4200154
4194432
4194261
4198929
4199768
4196317
4192709
4193922
4198408
4192067
4190937
4198041
4192087
4196757
4193968
4192113
4198754
4195726
4199419
4195645
4194907
4198362
4195305
4199406
4200149
4200612
4198796
4193997
4196386
4195835
4200407
4198982
4196364
4195324
4199532
4195210
4194094
4196273
4191750
4194424
4191604
4195113
4199499
4198059
4195619
4193173
4200385
4196061
4195921
4199513
4194313
4197390
4190933
4199235
4195940
4194408
4195779
4198487
4198167
4192324
4193836
4192966
4195960
4200444
4198712
4194632
4198751
4197795
4194787
4200460
4194785
4195240
4193903
4193507
4197696
4193442
4195183
4193040
4199924
4200253
4195952
4197726
4195124
4196593
4196303
4193229
4191774
4195992
4200320
4195441
4196530
4192261
4191517
4195910
4195898
4199769
4197555
4198038
4191483
4194295
4198525
4192233
4191443
4199413
4197678
4196343
4195197
4198803
4194769
4200696
4198345
4197414
4196454
4199842
4197758
4191739
4199809
4197707
4195592
4193445
4194969
4197131
4196268
4196122
4196512
4199006
4192329
4198902
4192933
4198511
4200095
4193934
4192804
4193426
4192361
4199987
4199441
4192332
4190953
4194610
4195036
4196708
4191302
4200453
4199892
4195446
4192292
4199804
4193351
4198550
4191091
4199872
4198382
4198953
4193850
4200540
4191127
4200019
4191635
4192690
4199730
4199320
4195496
4197815
4195520
4199382
4198779
4199050
4194120
4195378
4199219
4191528
4194642
4196786
4195287
4195023
4199523
4197586
4198867
4194069
4196469
4196072
4199040
4199292
4199906
4196585
4200242
4194718
4193072
4196583
4192181
4192864
4194216
4194240
4196712
4193925
4199221
4199474
4191757
4196300
4195807
4191345
4198025
4197651
4194594
4195802
4199316
4197519
4200739
4197684
4200677
4194170
4195198
4199803
4198978
4198371
4193680
4191184
4192013
4193121
4195644
4195043
4194243
4195895
4197749
4191771
4196622
4198957
4193892
4196697
4194534
4193541
4193673
4199036
4199862
4194914
4193280
4199201
4196151
4195430
4196372
4196738
4195291
4193589
4197249
4198134
4193012
4199832
4194025
4195245
4194036
4200647
4193416
4193967
4195872
4198258
4195366
4197339
4190818
4197136
4195374
4196660
4197896
4197444
4199894
4200593
4198701
4193189
4195256
4194326
4194831
4197844
4197039
4192402
4191234
4199925
4199395
4198571
4192333
4197140
4191022
4193933
4197778
4192918
4197479
4197146
4190935
4200364
4196558
4200635
4199217
4191150
4193104
4194467
4197863
4197089
4194296
4199288
4196374
4193760
4196001
4190940
4194427
4193766
4191173
4197593
4193598
4190839
4190871
4195261
4198346
4198105
4198645
4197856
4199936
4200118
4197424
4200121
4192574
4195065
4194451
4192004
4195702
4198849
4194260
4196594
4192441
4198373
4193403
4194627
4200156
4200182
4198959
4197595
4193966
4194291
4198689
4195654
4198108
4194672
4192758
4190797
4195397
4191336
4196407
4196535
4192152
4198549
4195452
4197304
4192370
4190829
4198855
4199456
4199930
4200665
4197991
4196878
4193864
4198726
4196656
4194174
4190890
4191509
4191324
4192954
4195667
4193875
4198794
4195450
4195801
4197004
4200464
4191094
4197440
4197887
4194807
4196831
4196051
4198071
4199005
4199483
4200232
4200228
4196689
4193243
4193800
4196943
4196246
4191611
4192762
4194445
4191249
4199796
4193669
4196556
4196821
4193810
4190876
4194245
4200141
4194080
4192688
4193406
4194848
4195054
4196690
4191066
4191617
4195601
4198806
4200718
4196417
4197319
4198746
4195636
4198987
4197572
4200336
4196115
4196501
4197406
4193323
4195678
4197118
4198331
4196598
4193164
4197375
4195281
4200684
4191390
4191164
4192367
4191389
4197995
4198035
4198681
4191019
4191606
4198011
4196131
4191071
4198272
4200110
4193026
4191316
4198618
4193459
4193728
4199489
4193543
4193858
4200416
4196304
4192964
4199010
4191626
4200744
4199851
4200195
4191379
4193185
4194949
4197660
4193577
4199854
4192629
4196033
4198916
4195596
4193400
4195238
4191015
4195757
4194173
4195832
4195828
4192972
4199323
4194874
4197659
4195202
4197848
4195314
4193211
4194270
4200595
4192952
4197877
4199153
4196497
4191736
4200519
4191388
4197492
4196824
4197363
4195764
4194008
4200408
4191484
4191815
4200420
4191542
4195566
4193321
4196270
4196741
4195474
4194795
4196731
4194180
4200206
4193188
4196208
4195752
4200709
4191329
4200116
4192388
4197765
4198289
4191142
4195927
4191333
4195680
4200197
4199855
4198128
4195212
4199307
4193203
4193819
4194163
4192248
4191692
4197928
4200660
4197698
4200122
4200493
4194185
4192450
4197785
4195280
4191151
4196332
4196770
4195180
4196971
4200327
4198088
4195385
4193995
4198218
4196732
4197121
4197819
4191201
4194166
4193330
4196136
4199206
4196815
4192103
4197743
4198474
4195946
4196903
4191797
4196350
4198958
4193196
4193757
4194083
4199843
4192308
4192760
4199259
4192159
4196959
4195091
4192689
4194525
4192487
4200231
4197983
4191431
4194254
4191193
4193331
4196375
4198824
4191344
4197924
4193714
4197362
4196841
4199596
4191373
4200682
4198244
4190862
4194941
4198722
4191516
4198039
4199879
4190920
4192462
4197861
4195849
4200393
4197071
4199368
4197630
4191527
4192916
4192270
4191222
4195259
4193432
4194583
4198383
4198702
4192458
4199230
4192569
4196341
4194334
4196152
4191161
4193955
4195542
4192876
4198083
4196609
4197866
4192892
4193379
4197093
4200390
4192781
4199033
4197725
4191990
4192448
4197638
4193573
4197975
4197297
4196032
4191102
4200261
4197407
4194298
4196297
4199176
4194517
4199675
4191153
4200714
4198198
4197847
4194526
4195241
4191104
4193210
4197966
4193583
4192855
4197641
4198355
4199540
4195517
4192532
4199255
4194913
4194262
4193532
4193792
4197300
4198529
4195581
4191152
4197608
4192297
4193425
4192073
4190968
4195178
4193347
4193896
4194978
4198841
4192908
4192027
4195996
4198502
4198267
4199650
4197005
4200505
4192661
4199157
4192681
4197888
4197476
4192821
4197065
4194502
4192740
4194922
4199578
4198650
4200050
4192746
4196074
4193141
4199342
4198619
4191319
4193422
4196059
4196828
4194223
4197821
4191351
4191455
4193653
4194630
4197041
4195855
4193032
4196801
4190914
4195142
4193655
4199065
4192753
4195060
4195359
4196532
4196206
4192153
4196000
4196805
4191354
4199273
4190806
4191551
4197804
4200487
4192350
4191196
4195489
4190768
4197569
4196872
4198367
4193384
4200158
4195519
4191792
4191304
4193550
4197453
4191791
4196827
4198715
4192498
4198432
4192229
4196765
4198476
4200138
4197447
4193315
4200093
4200639
4193483
4195217
4199448
4196106
4192451
4197422
4200338
4194658
4190989
4196624
4196038
4196057
4199081
4198047
4196180
4199890
4192127
4193571
4198747
4194342
4195799
4198363
4195935
4197515
4190788
4199829
4191587
4199684
4193847
4197828
4191684
4194339
4195701
4193031
4195862
4198654
4199151
4194728
4200716
4197642
4191732
4195226
4192986
4199435
4191069
4191762
4195308
4193447
4196933
4192824
4198883
4196320
4193438
4191210
4195492
4193762
4195868
4196867
4196570
4198586
4191419
4199942
4200562
4194022
4193818
4196621
4199486
4190942
4194511
4195061
4198019
4191919
4196184
4196158
4197090
4193523
4191975
4199130
4193582
4193905
4196091
4193462
4195398
4197968
4193843
4194253
4191496
4196864
4199421
4198386
4196527
4194572
4193430
4195471
4197159
4195213
4196563
4199698
4197799
4196737
4199927
4199969
4194403
4192394
4197591
4196005
4196811
4196110
4192881
4196391
4193408
4192346
4193268
4192488
4192026
4196924
4199691
4198810
4192475
4200643
4195549
4190783
4198967
4191131
4200535
4193248
4195931
4192489
4200434
4198442
4195942
4193484
4197237
4190810
4192281
4197308
4194698
4197014
4195535
4195018
4192434
4194603
4196293
4193975
4191973
4193661
4192902
4195211
4191589
4191204
4193909
4193880
4192814
4198697
4193962
4196949
4191861
4194197
4198948
4194110
4195791
4199169
4194453
4196638
4195118
4197673
4195425
4199933
4196113
4191128
4195339
4195989
4193503
4200137
4193799
4194839
4193707
4197773
4200078
4191623
4194792
4200225
4196118
4198942
4191945
4197705
4197871
4191239
4199570
4200600
4198496
4193041
4197055
4199960
4197325
4192526
4192163
4199917
4196257
4197130
4199247
4191678
4198871
4197760
4197172
4193299
4200720
4199030
4197499
4200560
4198601
4197533
4194161
4191773
4192257
4195766
4199280
4199950
4193349
4198341
4197283
4195264
4193027
4195330
4200756
4192172
4191653
4191352
4197901
4191057
4199660
4192061
4195611
4197652
4193410
4197156
4198049
4191376
4194242
4200545
4198238
4196518
4194386
4193301
4196939
4199742
4195742
4195401
4191229
4200021
4197683
4198773
4197632
4193390
4193631
4196539
4196419
4199285
4197840
4195014
4195367
4192400
4200732
4193756
4191862
4200109
4193093
4192985
4190802
4196329
4197722
4193883
4195863
4197813
4196779
4197436
4195869
4191935
4197801
4199771
4193613
4190992
4194535
4198172
4194573
4195460
4194860
4192019
4194191
4200528
4197800
4195116
4199265
4195306
4194391
4198466
4194490
4199480
4194193
4190965
4191083
4199127
4194265
4191524
4193815
4196144
4195185
4198161
4192747
4193700
4190856
4200495
4196740
4196393
4199756
4195499
4194382
4192314
4196587
4194846
4198280
4191618
4200192
4191078
4199964
4194347
4199197
4198673
4190780
4194563
4193045
4194032
4194892
4199045
4191284
4199714
4190776
4194073
4196068
4200042
4200693
4197763
4199451
4200532
4199722
4200484
4192192
4192687
4200619
4197542
4198214
4197627
4196397
4195296
4192204
4197134
4194362
4192502
4198215
4192485
4194979
4199531
4193652
4193693
4192970
4191583
4191532
4192652
4196536
4197165
4190941
4196492
4200191
4198298
4193271
4196910
4192287
4193801
4191049
4196680
4200485
4198065
4200011
4196170
4194304
4197505
4199443
4192079
4198513
4196228
4197415
4191882
4200504
4197191
4199750
4200679
4193587
4198261
4200289
4193857
4198053
4196950
4192987
4192791
4190952
4200150
4191474
4199626
4190855
4197570
4191847
4191240
4197618
4197314
4191552
4194007
4197574
4199970
4194673
4200671
4199085
4199850
4191501
4195842
4192664
4195712
4198934
4191118
4200061
4200644
4195311
4200428
4194437
4197049
4199097
4198230
4196608
4199695
4191859
4194686
4196331
4196641
4198498
4194398
4200710
4200105
4197073
4194203
4191539
4199653
4191369
4199073
4198312
4200000
4192066
4194483
4195762
4197988
4196016
4191311
4193506
4194067
4197105
4199332
4199765
4197981
4192118
4197103
4198402
4200298
4192232
4191454
4198674
4199053
4198688
4191537
4197174
4198885
4200736
4195039
4197616
4196468
4194836
4192989
4198229
4199822
4196337
4191918
4199491
4193572
4197113
4199621
4197710
4199511
4194125
4196478
4191392
4193145
4196955
4192328
4191235
4199212
4196844
4194200
4197547
4196188
4193101
4199757
4194168
4195600
4197615
4194444
4194101
4198242
4193493
4198652
4197823
4199261
4195408
4196865
4191636
4195469
4192474
4196200
4197193
4191842
4196081
4192099
4196695
4192398
4192928
4197930
4197457
4197577
4190954
4198597
4194707
4197714
4190835
4196601
4195373
4199582
4197947
4191290
4197534
4195675
4194762
4196292
4192358
4193470
4196991
4190928
4192260
4192380
4199688
4200578
4191167
4191575
4196161
4193638
4193175
4197782
4200377
4194703
4193154
4198807
4193784
4197566
4199900
4200410
4195267
4194967
4197514
4194641
4191778
4194415
4194579
4199806
4198417
4197832
4191385
4192581
4191169
4192176
4198390
4192476
4192782
4193618
4196662
4197387
4195731
4199138
4194402
4190970
4191008
4195177
4193253
4195235
4191702
4195704
4199915
4192186
4193257
4195937
4194098
4192464
4193075
4197260
4199379
4192403
4194926
4199575
4196746
4191125
4196526
4199159
4197024
4193423
4195376
4199213
4195484
4197460
4195115
4197646
4199209
4191894
4198680
4200412
4193517
4196459
4196471
4195275
4198984
4193297
4196838
4191257
4200467
4193357
4192615
4198364
4198694
4199349
4191800
4194576
4195700
4199700
4194568
4200163
4199736
4200597
4198472
4195372
4196889
4198686
4190785
4195026
4200642
4198864
4192853
4200653
4196127
4194207
4197830
4200667
4198178
4200216
4194604
4191007
4199393
4192763
4191401
4198087
4194847
4197865
4199594
4200386
4194332
4193102
4196328
4199646
4198821
4191658
4191950
4197270
4198973
4193734
4197905
4195548
4196480
4193062
4191955
4194766
4199889
4197876
4196499
4192206
4197473
4191510
4197626
4196080
4195909
4194957
4192107
4194936
4192017
4192588
4195201
4196456
4191082
4190917
4192568
4192032
4194050
4193486
4193787
4195944
4197579
4193370
4191512
4197562
4191553
4197554
4192428
4190775
4191101
4200708
4191751
4195695
4196444
4199248
4199363
4194318
4196191
4193251
4199329
4196702
4200430
4195007
4194620
4196296
4196242
4197619
4194739
4193015
4193378
4192802
4193520
4195156
4191040
4198413
4195871
4192442
4191874
4191426
4191592
4198823
4200006
4193808
4190983
4198532
4199723
4198851
4195167
4200685
4197973
4199729
4198470
4195830
4191957
4192840
4199528
4199941
4200391
4194271
4193278
4191650
4191477
4191614
4194109
4199505
4195836
4194310
4199071
4196069
4197805
4196211
4191685
4190898
4199465
4198396
4192640
4200280
4197441
4191908
4194463
4191439
4195370
4194508
4197150
4199847
4191569
4196853
4194747
4195693
4199389
4199009
4191982
4195837
4194489
4196771
4199744
4196981
4199690
4196423
4197636
4199360
4198391
4197843
4193208
4193282
4194002
4198276
4192935
4200032
4197315
4192021
4196816
4199052
4200383
4193074
4193295
4198657
4198944
4196009
4200030
4199733
4197195
4194866
4196214
4194234
4192696
4190875
4191855
4199517
4194820
4198010
4198106
4195077
4199613
4194519
4200200
4190813
4197287
4193855
4195473
4192466
4194588
4192732
4199402
4192922
4197279
4193670
4198451
4196946
4195653
4193427
4191925
4198450
4192208
4191457
4191006
4198199
4196998
4193751
4190853
4194280
4192742
4194095
4200148
4197430
4191534
4196160
4197723
4200669
4195822
4192278
4198528
4196359
4195337
4197662
4198486
4192562
4193782
4195892
4194454
4191857
4197731
4193194
4193514
4193973
4199282
4198553
4193308
4199462
4193694
4194278
4192995
4194679
4193737
4192525
4195887
4198625
4197392
4195668
4200747
4193247
4195455
4198574
4194430
4200014
4198802
4200701
4200723
4192286
4191226
4197596
4200421
4192184
4199725
4193114
4192093
4192520
4198742
4198915
4199362
4197035
4200418
4191598
4192514
4194136
4195303
4196356
4192724
4193274
4191946
4194221
4194749
4195727
4194530
4193352
4195037
4195670
4194472
4194384
4194219
4199228
4199485
4193413
4195228
4197837
4200588
4200382
4194736
4196540
4198514
4194165
4197133
4195009
4191988
4195977
4198945
4198692
4191241
4198899
4196537
4199398
4192070
4193245
4191694
4196450
4198192
4195796
4194433
4198484
4195405
4199883
4197634
4198467
4194615
4195325
4192455
4197194
4197960
4196597
4194944
4192656
4200688
4199694
4195290
4190915
4197251
4195815
4192218
4196230
4200352
4196504
4199215
4199873
4200672
4196915
4192926
4194771
4190872
4197553
4198492
4191999
4196380
4197621
4199607
4191504
4190792
4197679
4196403
4195660
4191863
4196930
4190786
4198491
4192728
4193103
4200705
4194198
4197023
4196972
4199848
4195260
4191833
4195140
4196704
4195011
4198879
4198458
4194742
4200012
4194541
4192788
4199826
4198805
4198900
4199581
4198861
4199136
4194132
4195227
4195262
4193401
4192983
4196945
4200295
4192166
4192336
4195418
4193017
4200031
4195521
4199455
4200315
4194040
4199911
4200463
4197075
4199281
4200511
4195263
4191076
4195981
4200440
4192183
4199122
4193567
4191853
4196491
4192157
4192754
4196754
4198989
4198456
4196516
4197712
4193336
4192416
4193029
4190820
4199781
4194387
4198911
4194903
4198057
4191350
4194113
4195930
4195758
4195494
4193140
4192795
4191433
4200281
4195628
4193650
4200492
4195161
4193449
4191543
4200313
4197137
4193138
4192875
4192461
4199567
4199232
4195585
4193053
4195505
4196911
4194562
4196460
4200530
4191530
4191641
4197067
4196605
4194478
4195193
4198479
4199546
4195476
4199699
4198949
4196044
4195773
4196034
4197786
4200510
4193641
4192459
4196022
4190826
4196187
4196353
4191099
4190929
4197607
4199103
4195293
4197563
4191237
4191440
4195523
4196446
4196988
4197513
4197598
4200666
4199244
4195745
4192499
4199568
4197200
4195714
4191531
4197240
4198477
4198510
4193609
4196866
4194555
4198423
4192501
4192873
4193254
4191334
4192589
4197841
4198001
4199146
4193115
4195772
4198138
4192861
4200517
4192948
4194504
4196684
4199387
4196418
4199112
4200419
4195789
4191181
4196691
4190993
4195688
4200217
4191003
4194236
4192806
4191162
4195615
4191590
4198111
4197833
4197364
4192939
4194090
4196325
4194801
4192872
4196347
4192655
4192446
4196767
4198835
4195854
4197984
4193236
4190801
4195312
4193335
4193644
4196511
4197776
4200125
4192755
4198897
4196990
4197109
4191585
4199784
4196139
4197845
4193230
4197051
4198613
4192012
4195708
4197806
4196623
4194855
4198999
4192007
4197152
4198457
4199772
4199737
4198266
4192000
4195878
4194696
4194487
4190793
4194465
4196105
4194597
4197953
4193872
4191964
4193888
4196023
4199234
4192663
4194832
4192435
4195300
4194492
4198211
4195271
4195625
4191571
4192803
4197081
4195589
4193500
4192171
4194027
4197612
4197644
4198337
4195990
4199981
4199998
4198130
4199252
4196173
4193575
4191679
4198370
4193191
4196997
4198745
4193538
4198354
4197036
4191807
4192889
4193699
4195769
4195239
4193454
4196564
4194548
4199961
4199957
4193913
4197663
4190997
4192886
4193705
4199503
4198531
4199939
4198667
4195326
4197915
4190852
4192231
4198021
4199530
4195466
4195073
4199059
4194309
4193180
4194988
4190931
4199614
4192750
4190945
4194068
4197069
4193719
4193365
4194176
4194035
4199182
4196575
4192289
4194063
4193747
4191884
4195573
4195784
4192647
4191323
4196334
4193882
4195957
4191850
4200468
4197344
4192535
4196649
4194674
4194284
4191016
4192683
4198783
4194619
4193615
4193231
4194122
4194618
4198966
4194435
4197366
4198073
4197066
4196717
4198235
4195074
4194759
4197408
4194192
4198067
4198385
4193953
4193873
4192427
4200221
4193199
4191783
4192779
4199577
4191549
4196335
4195627
4200054
4190865
4193303
4196432
4195974
4194648
4192263
4195626
4197680
4194559
4193622
4196900
4199679
4195823
4195016
4197802
4200103
4191887
4197275
4197664
4194306
4200202
4191058
4196951
4192770
4194840
4199886
4192510
4198434
4197158
4198219
4196284
4197980
4197332
4193466
4191268
4191981
4197789
4198187
4195025
4194873
4193091
4191916
4197530
4192831
4191976
4197873
4194358
4196600
4199218
4192947
4198227
4196850
4195120
4191513
4200655
4195639
4194943
4197578
4193911
4196093
4191560
4200538
4195880
4198527
4199223
4197018
4191885
4190966
4199706
4192411
4197834
4198854
4190807
4198070
4199334
4197862
4197050
4191113
4193238
4200664
4196205
4195199
4191798
4195000
4196756
4190888
4196711
4199820
4192718
4197192
4198840
4193599
4193099
4190912
4196265
4200641
4199795
4195129
4198303
4198159
4196579
4191274
4194395
4198658
4193338
4197128
4190819
4196633
4198791
4200153
4200015
4199242
4199794
4200675
4198853
4199620
4199748
4196291
4195470
4194255
4193789
4196528
4199891
4196004
4190822
4197278
4199038
4194938
4191995
4200073
4196887
4197197
4193494
4195761
4192392
4194794
4192009
4199057
4191737
4198086
4190950
4193923
4191398
4198668
4194024
4192854
4196470
4194953
4192353
4198305
4193178
4195307
4193089
4193356
4192845
4193284
4194985
4197019
4194856
4193275
4192772
4192662
4194930
4193009
4195509
4200165
4193314
4191004
4192612
4194477
4193249
4194536
4200462
4198705
4199129
4200023
4192068
4196123
4198811
4198051
4195468
4199978
4198415
4199270
4195070
4190828
4191159
4196969
4197653
4192318
4194389
4200041
4200402
4198677
4192106
4198139
4199816
4198809
4193684
4194659
4199944
4196349
4197528
4195295
4196875
4199893
4198922
4191154
4198176
4194337
4197446
4197949
4197190
4192373
4198859
4198217
4193866
4198927
4197691
4200071
4195844
4199775
4192082
4200426
4195703
4198381
4194500
4195666
4191667
4197751
4198520
4194366
4196413
4200166
4197098
4199436
4192339
4199374
4195347
4193895
4193548
4192338
4193202
4192463
4197116
4197470
4195966
4198004
4195852
4191427
4199993
4200725
4196042
4198247
4194447
4193441
4194616
4194244
4192650
4191639
4196669
4190784
4198460
4191107
4199494
4198123
4197132
4196856
4194654
4193010
4192379
4192846
4199165
4194732
4197013
4195028
4195705
4192880
4200290
4198369
4200136
4192673
4199140
4199408
4196190
4196919
4195721
4194596
4199163
4199024
4193298
4196791
4193591
4196848
4197993
4197480
4194595
4191607
4193876
4192075
4193509
4194779
4197613
4195174
4191267
4197053
4199992
4192268
4191346
4199388
4192697
4196222
4194554
4194990
4193842
4191081
4193319
4199749
4193415
4192290
4196768
4198500
4191053
4198186
4191363
4192780
4192601
4198078
4191307
4194201
4194664
4193258
4194613
4197292
4200218
4200650
4191037
4200037
4193142
4193186
4196434
4197990
4199353
4195222
4190836
4192849
4200676
4194737
4196453
4198644
4199506
4193654
4197529
4199553
4198842
4197649
4197766
4193606
4199747
4199702
4200300
4198547
4191666
4199066
4194311
4199898
4196333
4196457
4198691
4193112
4196412
4195715
4193651
4199278
4200324
4199431
4195528
4197855
4194783
4199707
4193155
4194748
4194774
4199496
4196462
4195985
4190964
4194983
4195858
4194070
4192614
4199032
4191185
4199344
4193398
4199167
4196277
4191300
4192917
4193465
4193806
4195684
4199060
4197633
4196302
4194705
4197289
4191391
4196881
4198448
4192005
4199277
4199133
4196789
4193325
4196703
4197537
4192351
4191535
4200139
4194781
4193110
4198682
4192982
4195251
4198489
4195250
4192089
4198296
4199482
4195413
4198589
4192898
4200212
4193781
4193950
4198404
4193242
4198913
4193788
4197736
4199918
4193531
4198988
4197154
4197932
4196510
4190975
4194181
4191799
4199774
4194119
4195148
4191112
4196759
4195572
4195186
4196515
4198142
4198435
4195207
4196486
4195486
4191175
4197212
4196612
4198263
4191802
4195885
4200010
4191562
4192862
4197925
4194867
4199454
4197388
4200024
4195929
4199588
4191730
4191928
4195063
4196983
4193823
4193881
4198140
4195463
4199283
4195346
4193898
4198109
4191088
4198237
4197177
4194798
4190782
4196554
4192170
4198403
4190909
4197889
4199415
4194365
4191055
4194859
4191984
4199377
4195988
4191232
4193263
4193144
4197606
4190877
4198631
4198874
4196166
4198606
4191546
4199237
4197334
4199865
4198577
4191703
4196267
4191143
4199254
4197160
4192355
4193094
4196410
4191570
4197961
4199692
4194897
4196809
4194687
4195646
4196162
4196321
4195539
4196926
4191525
4195133
4191014
4196101
4192115
4193163
4200294
4192164
4196941
4192214
4193601
4198669
4197357
4196385
4195032
4192432
4200730
4199814
4193767
4199907
4194520
4200524
4195138
4193471
4195902
4193585
4197186
4192823
4190947
4194319
4193036
4193485
4200617
4194452
4197340
4192224
4199339
4194111
4197870
4197926
4196546
4190893
4196287
4192793
4197777
4195243
4197768
4199938
4190814
4193630
4196505
4191680
4191648
4197585
4192056
4195404
4191341
4197704
4192406
4198412
4193129
4197349
4192213
4192744
4192897
4191121
4198620
4196316
4193915
4194249
4195168
4200343
4191434
4195320
4194917
4197520
4198621
4196566
4192716
4198168
4196440
4197937
4192482
4191009
4191931
4199046
4200471
4197874
4194709
4191724
4199562
4200357
4196745
4197145
4195911
4200611
4200333
4193931
4193770
4198971
4195079
4193827
4199305
4193560
4198825
4200541
4193553
4193399
4196112
4194932
4200395
4192580
4197539
4200088
4191046
4192860
4191734
4195081
4200631
4197903
4197617
4199043
4193629
4200332
4199899
4199538
4197958
4194150
4199770
4196100
4191905
4197946
4197311
4200196
4198977
4200561
4192337
4200763
4192102
4200159
4198761
4194464
4199947
4196294
4198366
4192596
4197645
4199887
4196194
4197435
4194624
4194685
4193109
4198926
4193528
4195170
4198965
4194195
4194084
4199672
4193087
4198428
4193614
4191124
4192313
4191308
4197979
4191418
4195164
4198843
4199569
4190845
4194808
4194928
4197266
4191681
4198232
4200283
4199399
4193926
4198936
4193786
4195939
4195958
4191140
4192124
4198901
4190812
4191693
4193527
4194092
4197945
4197062
4195375
4192511
4194449
4196778
4198583
4194055
4196259
4191018
4192764
4200746
4198361
4198736
4192792
4200072
4191056
4195218
4198234
4193212
4192518
4197151
4192945
4200340
4195188
4198827
4200168
4196202
4197382
4190982
4196780
4193135
4193366
4194966
4191907
4199565
4199295
4195344
4200596
4192372
4192259
4194006
4192145
4193595
4192057
4196925
4197808
4199793
4195236
4193444
4195121
4200147
4199649
4200345
4195630
4200070
4197672
4191796
4192264
4192473
4197110
4193899
4197426
4194552
4193809
4198251
4192711
4194062
4197475
4198269
4191332
4199439
4197559
4195663
4192174
4194791
4196706
4198062
4199013
4199535
4194507
4195189
4192969
4197337
4191470
4198270
4191476
4196603
4197720
4198653
4192617
4199276
4194225
4200563
4199668
4198162
4191547
4197912
4194406
4196357
4197518
4196761
4198163
4195510
4200264
4198770
4193436
4195423
4193266
4191998
4197273
4194189
4195072
4194924
4196280
4196760
4192201
4190923
4192053
4197380
4196798
4194650
4195607
4198594
4191147
4197001
4200161
4200185
4193469
4198253
4200520
4198102
4198634
4191977
4196094
4192773
4191824
4200367
4195272
4196399
4197605
4193921
4193261
4199319
4199049
4199150
4192038
4190986
4195105
4194617
4197157
4191085
4200411
4191129
4193166
4192225
4193228
4199481
4191616
4191594
4199734
4194577
4194085
4193235
4195575
4200583
4191952
4191432
4198603
4196207
4191972
4191640
4192234
4191086
4197850
4197506
4196233
4191541
4193900
4200157
4199110
4200534
4199751
4194049
4199943
4195860
4191436
4199580
4200335
4195640
4198882
4198903
4197229
4195481
4197189
4199183
4190994
4197762
4199328
4198060
4194360
4195582
4192825
4197153
4199187
4191119
4191879
4200648
4197461
4200018
4195696
4198335
4191289
4197037
4191217
4191168
4194657
4197331
4195686
4192143
4198876
4200106
4200496
4194733
4199845
4198262
4191428
4195319
4194857
4194741
4198358
4191328
4191962
4193649
4198297
4191117
4194951
4192610
4200144
4191748
4193179
4193794
4196108
4192182
4198193
4199426
4191875
4192457
4192560
4199477
4193600
4197179
4197735
4194289
4192915
4197233
4191005
4198165
4192303
4200339
4193566
4200379
4199391
4190973
4193226
4196128
4197741
4196039
4196050
4193083
4191160
4198662
4191188
4200234
4200207
4195557
4193108
4191399
4198213
4195322
4194079
4194288
4199446
4194538
4191291
4193611
4191523
4197665
4196193
4196775
4198718
4192454
4198768
4194434
4195225
4195604
4193490
4190827
4192654
4198918
4192305
4198208
4195706
4200733
4194021
4193668
4198703
4196519
4196785
4197064
4195190
4198636
4193817
4193064
4199335
4192693
4200250
4200587
4198481
4193394
4198177
4200658
4190779
4191327
4199458
4196171
4194394
4195249
4200083
4198576
4191651
4200043
4196295
4198651
4195873
4190800
4197744
4194633
4193501
4196037
4192254
4200128
4197126
4200494
4193237
4191689
4194875
4192109
4191769
4200346
4191924
4196647
4196851
4199410
4199185
4197999
4195127
4198752
4196927
4199226
4194041
4195449
4190815
4198433
4197540
4195103
4193793
4193350
4190830
4199326
4192743
4195987
4194413
4198485
4200424
4193193
4195439
4197923
4194418
4200063
4193098
4194312
4199860
4195736
4200354
4197359
4192938
4194905
4200286
4197217
4200537
4192235
4200205
4195433
4196148
4196076
4192156
4200414
4196236
4194081
4192230
4197463
4196416
4200651
4195150
4194016
4196064
4196463
4200051
4198640
4198979
4196673
4197242
4190934
4199948
4197829
4199061
4197897
4191503
4193887
4193639
4196596
4197409
4199023
4197316
4194361
4197234
4191374
4196514
4200188
4192505
4199636
4194570
4192255
4200625
4197385
4200277
4192920
4196182
4200527
4191043
4197495
4199504
4194066
4195406
4197074
4198608
4199430
4192194
4193498
4198309
4193991
4200348
4191136
4192899
4193965
4193917
4198639
4199975
4198972
4192155
4196974
4195448
4193267
4199372
4196751
4195583
4199762
4191529
4200564
4196826
4193706
4191834
4199638
4191579
4193443
4194640
4191233
4191578
4193943
4193667
4192282
4199823
4195350
4196897
4200480
4193181
4198153
4198628
4197868
4194370
4192555
4192924
4193640
4192354
4193972
4199946
4191481
4194353
4191497
4198772
4191974
4197396
4191938
4200229
4197149
4197010
4192033
4199815
4193451
4195172
4197139
4190882
4195733
4198895
4196964
4193341
4191338
4191001
4199689
4191259
4200068
4193569
4190955
4198788
4195137
4191511
4197448
4190799
4195778
4199434
4192979
4199424
4192162
4199121
4195768
4199268
4195876
4193377
4199888
4199767
4196513
4200629
4191238
4193957
4192971
4198220
4195506
4194377
4196678
4195158
4191415
4199934
4196326
4199432
4199227
4193167
4191941
4198717
4195135
4190817
4196840
4196721
4192774
4199670
4194697
4193002
4194717
4196430
4200248
4196041
4190896
4196858
4195648
4195101
4195961
4192554
4196203
4198125
4193602
4195323
4194767
4194086
4192727
4196685
4195864
4195012
4199533
4195896
4194549
4191557
4192959
4198212
4199991
4199974
4198808
4195616
4195029
4193846
4197142
4193726
4199622
4194565
4195886
4192706
4200239
4193429
4199677
4197681
4198771
4198374
4196619
4194669
4196681
4195497
4191256
4197549
4193270
4192445
4197784
4198711
4193001
4200064
4196521
4200533
4192741
4197583
4191255
4198744
4195948
4199330
4200727
4194802
4193930
4199404
4194142
4198928
4191198
4196090
4198132
4192371
4194628
4191451
4191645
4192044
4191137
4200481
4193241
4195699
4194030
4190823
4192221
4191898
4192984
4198032
4194805
4192606
4191208
4197412
4191013
4199438
4191959
4197438
4199591
4195237
4194349
4199658
4198056
4198169
4192771
4197709
4190880
4197087
4193414
4195114
4192856
4198784
4198388
4197942
4190798
4196251
4197761
4192242
4194494
4194404
4197259
4198976
4198565
4191602
4195360
4193867
4191576
4193992
4197236
4193150
4194064
4191649
4196307
4192974
4192812
4199275
4196543
4199713
4192304
4193696
4195591
4197959
4195827
4192072
4195720
4200130
4197701
4191831
4195438
4197733
4197907
4196973
4190946
4194233
4199321
4191891
4194662
4200134
4194331
4194272
4192911
4198782
4191719
4197017
4198184
4196336
4194405
4195853
4197674
4198969
4194845
4200521
4198461
4191818
4200203
4195655
4197543
4197917
4196143
4196968
4195915
4197086
4192529
4198424
4191996
4191983
4198044
4200640
4194428
4192405
4199817
4196264
4194188
4199966
4197477
4194001
4192925
4199498
4196126
4192503
4194810
4192533
4193834
4195049
4193479
4193205
4191670
4196508
4195724
4196382
4192383
4194956
4200546
4196729
4197383
4194501
4190895
4191805
4192946
4193778
4196065
4192202
4198225
4198115
4192420
4199031
4191145
4194456
4191377
4194256
4192364
4197044
4191320
4193480
4199479
4196534
4193385
4191264
4199096
4195551
4197223
4191788
4197213
4199076
4199210
4200609
4192237
4199080
4193461
4191322
4199522
4192381
4200469
4191759
4194822
4199840
4193982
4195907
4192492
4192558
4192967
4197965
4193060
4192882
4196982
4194813
4200409
4198252
4192453
4199777
4200284
4195477
4194126
4195184
4190949
4194720
4191050
4199857
4192299
4196338
4200067
4195289
4199189
4199355
4198453
4193207
4198541
4198866
4200630
4195108
4200187
4192272
4196238
4196012
4199135
4192830
4197565
4191493
4200053
4199841
4197399
4196829
4194708
4193563
4192699
4192809
4195364
4193861
4194135
4191827
4196896
4198287
4196613
4193851
4193574
4195634
4194299
4199669
4196213
4193111
4199994
4192460
4191310
4191754
4197568
4194992
4197205
4194042
4194115
4193050
4195657
4195329
4191839
4198326
4198521
4199923
4195266
4197333
4198495
4196178
4198501
4194980
4191353
4194139
4198767
4196626
4191422
4191139
4191714
4193090
4200312
4191132
4197046
4192895
4192481
4199200
4199070
4194282
4195689
4200652
4199490
4198921
4199271
4190878
4194542
4193963
4191942
4199958
4193124
4195436
4195665
4198324
4193596
4191384
4198160
4191252
4196602
4200749
4196677
4196269
4190773
4200316
4193835
4196305
4193156
4192713
4192209
4192479
4200518
4191357
4196783
4196047
4193948
4192626
4191508
4198357
4197248
4191276
4193597
4192632
4198334
4197590
4198743
4191280
4199605
4195084
4193000
4194784
4195050
4199555
4197610
4191337
4199333
4191266
4191213
4200227
4200450
4193106
4194039
4199385
4193023
4191093
4191423
4194023
4191870
4196197
4199161
4195334
4197227
4198181
4193159
4197420
4198748
4192715
4192059
4195893
4192636
4196103
4197827
4199347
4199361
4196607
4199068
4199838
4191110
4190958
4190951
4200576
4198246
4196531
4192637
4194700
4200621
4198195
4199704
4192241
4195019
4196324
4196646
4196694
4196616
4200392
4193790
4195814
4198587
4191126
4200423
4198294
4196361
4199955
4191219
4195643
4199315
4193028
4192110
4200698
4190891
4192344
4199937
4198704
4196895
4191858
4197589
4195975
4198941
4200237
4195580
4193868
4194182
4197261
4193914
4193516
4199357
4197878
4199195
4200131
4198281
4200238
4192468
4193240
4198950
4197826
4198588
4200181
4193586
4193418
4198846
4191187
4194348
4191897
4194250
4191722
4198003
4197129
4198075
4199137
4193025
4200007
4191921
4193833
4199240
4196344
4191326
4200013
4194789
4192531
4194333
4193739
4194986
4193508
4191793
4194144
4197431
4198231
4193477
4192244
4193170
4199904
4196750
4193820
4192578
4198454
4191967
4191475
4193515
4195606
4197507
4195735
4199461
4194206
4197482
4191130
4197032
4194776
4199175
4191726
4192630
4195100
4192088
4194114
4191644
4195719
4195938
4197298
4194894
4199453
4196630
4197271
4195117
4195119
4192369
4192311
4191279
4194960
4194164
4193467
4195851
4200124
4197007
4198838
4194989
4193942
4195005
4199143
4200129
4192694
4197900
4192547
4196017
4196111
4195568
4191768
4193499
4200152
4196266
4200479
4199113
4199369
4191914
4197487
4192930
4195255
4191358
4195224
4199895
4193412
4194909
4200194
4196818
4200114
4196787
4191865
4193034
4193192
4198344
4198043
4191642
4193214
4199952
4198028
4198626
4192668
4196810
4192391
4192600
4191550
4193021
4192433
4197643
4192670
4192836
4196306
4199604
4199473
4191212
4192627
4199824
4199425
4195003
4192480
4195563
4200246
4200398
4194547
4194972
4192522
4198633
4192138
4200488
4197580
4191786
4198629
4199166
4195544
4198786
4194850
4193169
4196562
4192949
4196819
4195362
4193077
4192030
4196735
4200459
4197398
4200374
4191656
4197389
4193802
4199286
4197239
4196466
4194359
4194816
4194475
4191970
4193342
4193685
4192756
4199251
4196465
4196803
4193381
4196150
4192993
4200319
4192863
4194373
4197502
4192543
4195153
4192905
4194411
4197354
4190772
4196722
4193217
4192179
4198906
4199267
4196078
4197908
4199735
4197356
4200553
4199705
4196087
4198416
4191633
4197455
4195141
4199603
4194177
4198166
4195485
4193759
4200022
4194281
4200389
4198093
4197954
4195859
4191717
4199105
4199272
4195152
4198676
4194352
4193146
4191144
4198716
4196645
4197173
4191993
4192376
4194514
4191765
4197551
4191994
4200466
4191035
4197168
4193360
4196249
4195041
4196223
4193223
4193624
4195809
4196709
4194438
4197458
4190857
4199686
4190903
4198910
4199984
4191103
4194419
4194803
4193152
4197381
4199468
4195737
4200155
4194127
4191866
4195299
4196286
4191034
4198590
4199214
4192443
4199600
4194743
4194824
4191978
4190847
4200668
4199386
4195718
4192550
4196698
4195963
4192280
4195925
4197935
4193584
4197967
4196561
4196055
4199180
4198131
4192735
4196192
4196776
4199510
4193387
4198515
4198616
4191723
4200368
4193054
4197510
4194738
4191202
4195371
4200567
4199611
4194133
4194038
4193302
4200555
4197268
4198507
4196217
4195710
4200215
4196636
4198725
4199752
4194533
4194335
4194128
4196580
4193803
4196352
4191190
4190978
4195498
4198308
4199194
4196586
4197063
4193318
4196923
4197342
4198197
4194385
4198638
4196092
4200610
4193085
4199743
4197371
4194727
4196890
4195368
4198351
4191673
4196728
4199983
4195400
4194962
4194043
4193937
4200288
4192538
4196625
4199310
4197471
4195248
4199812
4199148
4192440
4197548
4200731
4199564
4199655
4198517
4192822
4198368
4192618
4194091
4195414
4200571
4193216
4199457
4198359
4198830
4197122
4194505
4192497
4197484
4199241
4192197
4199954
4191707
4197456
4195149
4190861
4198707
4198940
4192134
4196747
4192334
4190842
4193841
4198421
4195191
4191250
4190908
4192335
4195781
4191823
4192642
4197556
4194764
4192653
4195242
4198598
4192486
4191466
4199371
4194058
4199015
4191888
4199464
4193190
4191969
4193938
4199859
4195342
4192998
4194034
4192284
4200306
4191021
4191292
4195128
4193525
4197526
4199876
4200252
4195159
4199618
4200094
4192266
4199111
4195729
4193396
4197628
4199132
4190938
4195380
4193755
4193862
4194528
4193239
4194241
4191223
4199141
4199394
4194251
4193616
4196157
4191315
4196509
4199239
4192349
4194834
4196181
4194031
4197950
4194811
4191288
4191413
4194912
4200741
4198462
4199514
4197241
4195899
4195332
4194826
4196965
4194888
4198327
4196482
4192869
4193131
4193016
4196687
4195847
4197936
4197587
4193264
4196481
4192739
4190906
4198870
4195798
4193052
4196299
4192789
4198490
4191024
4196312
4200365
4191370
4194305
4197791
4193956
4196836
4198302
4198033
4191686
4198764
4196772
4195559
4195086
4196219
4200575
4197774
4198443
4197082
4193362
4191725
4193287
4200602
4192217
4191449
4199932
4198609
4194655
4200262
4198031
4195861
4197336
4198395
4198091
4199086
4191647
4193128
4200579
4199375
4197650
4191612
4200689
4199790
4191654
4193544
4196134
4194676
4199236
4197732
4200049
4199222
4198721
4199599
4196018
4193215
4196863
4196371
4197124
4197509
4194017
4193512
4191733
4196755
4200446
4192551
4195422
4192893
4193730
4197728
4198632
4197143
4192112
4191922
4195382
4193070
4197654
4196758
4192250
4198612
4195875
4192834
4197210
4195813
4191265
4191997
4194702
4199589
4198518
4193612
4196932
4199042
4191787
4194474
4195356
4197521
4192074
4191068
4200711
4199056
4200699
4192116
4200572
4197997
4199452
4195231
4192472
4194609
4194059
4196168
4193119
4192651
4196383
4193811
4195765
4191293
4197893
4196002
4195918
4196644
4196538
4195220
4196247
4195092
4191178
4199550
4196089
4190936
4197496
4191042
4194171
4190922
4193096
4196822
4194849
4192096
4200490
4197561
4199861
4192130
4200681
4199017
4195777
4198516
4199381
4199682
4196548
4199856
4195258
4192868
4195221
4199608
4192921
4196298
4190974
4193889
4191221
4191435
4199799
4194264
4195131
4199661
4196766
4193161
4195024
4200448
4192816
4194665
4196003
4192175
4192901
4195431
4193375
4197208
4198397
4194307
4200634
4198661
4199294
4191958
4195635
4196024
4198392
4199302
4197034
4196635
4199001
4197350
4199875
4191568
4200135
4194765
4198852
4191206
4192775
4194865
4193752
4193458
4198996
4198519
4194692
4198336
4195013
4200654
4191526
4199802
4199047
4192031
4197940
4192599
4192847
4192767
4191971
4199134
4195502
4196448
4196237
4200279
4197906
4192058
4199055
4197330
4192841
4191951
4198352
4198558
4196817
4193592
4197320
4192621
4198137
4193776
4200397
4193519
4197016
4199309
4190904
4193772
4197525
4197413
4198666
4192317
4196097
4194140
4196435
4196066
4195914
4196365
4194778
4193551
4191742
4190925
4191854
4196447
4196916
4199657
4191803
4197798
4195754
4197015
4198063
4199026
4199982
4198401
4195954
4192903
4197355
4198554
4195432
4194363
4191599
4192085
4192279
4198330
4192123
4200613
4193126
4194506
4192631
4192236
4197535
4197101
4191192
4193221
4192444
4197952
4200108
4197524
4191619
4195066
4200608
4198483
4192602
4193174
4199054
4193057
4196362
4194148
4198012
4197269
4197869
4194491
4198880
4199914
4196642
4191980
4196070
4199629
4193285
4192870
4199836
4200529
4194593
4195819
4197393
4195786
4191100
4196058
4198430
4198317
4198350
4200004
4191581
4200582
4196899
4200272
4199095
4191813
4195035
4193559
4190919
4192277
4194488
4196006
4199008
4191893
4198191
4193464
4199207
4195247
4199376
4192022
4193682
4195381
4200758
4192291
4192751
4195331
4195933
4199929
4195894
4195834
4194763
4196980
4196373
4198174
4199910
4198579
4190859
4191696
4197592
4196483
4194048
4195500
4200454
4196670
4196421
4194694
4195459
4196727
4199107
4191939
4196455
4192169
4196174
4196309
4197070
4198030
4197976
4198194
4191465
4196279
4197096
4191565
4198522
4196705
4194226
4195538
4192649
4193157
4197668
4198749
4197282
4197545
4193440
4196369
4197267
4192141
4197486
4198917
4199470
4197361
4193988
4191600
4195155
4191591
4200101
4192034
4196493
4192014
4190913
4200539
4197571
4197215
4198216
4200717
4200427
4191171
4200179
4192389
4194137
4193172
4194230
4193854
4191574
4198372
4194300
4196985
4198690
4192674
4194531
4195656
4198475
4194060
4194344
4199507
4200296
4195214
4196256
4196832
4197793
4196792
4193332
4194431
4190881
4191403
4192077
4195790
4191637
4198685
4199460
4196869
4191953
4198548
4191098
4198730
4200574
4199260
4194283
4199287
4198732
4198055
4198890
4194661
4197238
4200299
4198311
4199067
4191079
4195053
4191573
4195393
4197759
4199963
4198365
4190924
4191375
4197323
4195383
4200317
4194706
4199645
4199324
4197711
4196620
4190905
4196606
4198226
4197820
4195564
4197394
4197914
4194009
4195283
4197201
4195647
4193681
4191033
4194316
4192623
4191758
4194124
4194078
4195068
4193731
4195040
4198419
4194561
4199126
4197368
4199296
4195106
4194252
4195411
4192582
4192128
4198602
4197933
4193554
4194638
4194806
4200422
4194466
4196077
4193250
4197875
4194473
4196523
4196281
4190885
4191817
4197745
4192932
4195692
4196960
4193791
4192714
4196368
4200661
4192509
4197291
4195335
4192083
4191785
4196837
4195682
4198122
4199390
4200438
4191930
4194580
4196906
4198741
4192228
4190894
4200614
4193309
4194397
4197313
4192909
4196395
4191890
4196614
4192635
4200226
4194828
4197599
4192965
4200140
4196442
4192045
4192203
4198627
4199995
4194145
4196568
4199931
4199440
4195098
4195058
4194671
4199908
4192810
4200623
4194545
4198816
4191445
4198152
4194883
4195629
4194974
4200762
4195386
4193540
4200603
4192857
4195760
4192571
4192187
4191200
4192423
4195524
4198016
4198271
4195504
4195588
4198545
4199412
4194162
4194448
4194379
4199411
4198090
4195488
4195936
4192675
4200321
4196159
4192052
4199685
4199074
4194881
4191461
4198600
4194998
4191163
4200305
4200062
4197753
4197620
4198679
4195465
4199985
4197462
4192108
4193746
4193521
4194269
4198077
4196155
4194248
4199069
4196475
4198151
4197178
4191179
4198290
4199249
4193337
4199014
4198250
4198615
4193376
4198329
4198798
4191704
4196529
4194649
4193534
4198348
4191460
4194268
4192161
4198920
4200080
4192508
4195045
4193176
4194994
4191446
4195973
4193625
4197445
4194247
4196643
4194186
4199072
4198239
4195229
4200491
4198925
4194730
4193333
4195664
4195839
4198133
4195001
4198284
4199643
4198952
4192515
4200633
4198042
4196138
4198478
4191070
4191489
4194037
4199681
4196551
4196948
4195565
4199396
4200169
4198760
4196387
4197987
4198872
4191411
4197405
4195553
4194950
4194869
4197031
4198224
4198144
4196666
4197963
4192240
4200728
4195716
4193061
4193750
4194518
4200027
4200107
4195387
4199356
4198285
4193353
4191347
4199968
4193252
4195783
4196733
4195805
4194495
4200209
4191469
4196445
4194918
4192576
4199808
4192766
4194916
4192859
4194607
4198731
4198380
4192701
4199082
4198389
4195788
4196582
4193067
4195208
4192436
4198394
4191794
4193071
4194614
4192471
4198655
4196272
4194744
4192818
4197695
4199346
4199940
4200220
4194220
4198649
4190990
4196348
4196308
4195353
4198342
4194963
4199831
4198222
4197693
4191819
4192513
4199828
4196992
4198410
4200260
4192326
4191458
4199158
4199731
4197996
4197655
4190883
4194105
4191450
4194212
4191789
4193428
4197421
4195576
4197219
4191690
4199075
4196015
4198005
4193774
4200570
4197284
4192210
4196175
4198539
4195691
4199178
4199525
4193677
4198508
4200478
4190991
4195055
4192676
4200515
4198505
4195602
4192122
4196164
4198299
4195122
4199870
4194656
4197494
4199117
4194153
4196095
4193265
4191343
4194919
4195829
4196088
4200401
4193960
4197183
