10000
8074372
8077641
8078855
8081624
8080528
8074545
8075859
8079422
8081755
8078208
8082600
8077744
8076448
8074320
8077041
8083124
8081459
8083411
8081040
8081216
8083984
8074169
8082616
8081759
8082978
8075025
8078620
8076013
8080381
8075823
8074101
8077137
8079829
8081503
8078260
8078397
8075483
8075268
8081674
8078253
8075358
8080648
8078121
8079430
8079932
8076909
8078711
8076665
8079301
8082006
8074522
8075840
8077667
8079436
8080150
8081480
8078632
8080734
8081067
8077656
8078322
8080199
8082291
8077250
8075377
8079431
8079608
8082924
8077907
8083374
8079118
8078226
8084046
8076040
8077804
8081316
8080266
8080387
8075322
8078973
8081430
8083055
8082523
8082014
8083237
8083816
8081545
8080464
8075472
8079078
8080518
8080810
8082862
8075215
8080172
8074945
8077336
8077876
8083719
8078425
8078637
8078437
8078501
8078933
8077023
8074129
8083777
8077112
8074088
8082413
8080000
8077867
8076479
8083065
8079912
8083117
8078167
8079170
8082136
8075145
8074103
8078201
8079084
8076409
8074215
8083047
8076829
8077045
8083557
8076475
8074998
8075007
8078429
8082519
8083162
8078689
8076304
8077488
8075043
8079654
8077147
8077300
8080116
8079365
8081030
8077603
8079088
8074406
8077275
8084023
8083387
8083973
8078101
8081199
8081021
8074641
8081959
8079372
8081621
8075289
8077586
8078246
8077814
8074079
8074365
8082054
8080234
8077956
8082989
8074482
8080829
8083617
8076422
8080356
8081147
8076889
8082811
8077393
8082282
8074663
8083087
8081409
8082321
8077430
8082278
8076935
8083310
8079108
8078877
8078390
8081960
8077962
8084008
8083171
8075606
8077986
8082574
8078696
8074532
8083651
8074551
8082734
8078784
8079300
8083835
8081692
8083650
8081583
8081141
8077260
8075833
8079152
8078414
8075090
8080968
8080012
8082793
8074328
8079323
8077365
8079970
8074411
8074094
8083621
8078356
8078569
8074483
8083552
8080336
8083796
8075029
8081883
8076352
8074848
8082337
8083821
8082881
8081896
8074324
8083533
8077135
8075254
8074981
8077514
8075143
8082634
8082354
8074726
8074957
8075229
8077027
8077390
8083149
8083469
8075403
8078548
8079856
8083743
8082731
8083873
8077653
8077399
8077849
8080378
8083520
8075658
8082134
8082167
8083233
8075404
8083551
8076686
8075448
8076615
8078128
8076011
8075506
8083842
8082318
8075781
8077769
8079879
8078435
8075803
8074440
8077615
8081846
8075149
8079059
8075933
8083199
8074263
8080858
8074510
8081310
8079085
8078795
8083811
8077288
8080324
8083959
8074823
8082566
8081954
8079234
8075547
8076477
8079228
8074684
8083461
8080859
8076875
8074299
8077738
8080831
8077869
8083666
8074869
8074562
8080565
8078366
8080367
8077133
8074808
8077665
8078323
8083698
8082721
8078775
8077843
8077490
8075505
8080997
8077496
8077331
8081342
8079255
8080052
8074317
8083633
8074360
8075481
8081999
8077598
8078209
8076043
8074646
8080902
8080454
8082441
8074490
8078964
8080574
8083076
8080220
8079833
8083838
8084045
8078290
8074230
8075034
8076173
8079464
8074314
8075902
8076034
8078030
8074811
8077252
8080960
8082103
8083254
8075379
8084014
8079512
8082490
8079734
8081699
8082350
8078408
8079195
8077765
8075014
8077107
8083094
8079397
8078300
8081769
8079680
8079514
8083180
8083283
8074381
8076345
8082053
8077420
8076910
8080870
8083907
8077269
8081782
8077880
8075013
8077602
8079931
8082605
8076057
8078982
8083546
8082560
8076053
8079684
8080743
8077918
8081383
8081298
8078345
8081707
8080976
8074607
8081933
8083756
8079517
8083960
8082155
8078609
8081038
8080276
8076760
8079606
8078320
8079652
8076744
8076798
8083001
8078136
8074447
8081847
8077700
8082230
8080008
8082724
8075412
8077841
8075935
8078517
8074717
8075843
8077658
8080433
8079908
8083731
8078383
8079657
8077353
8080096
8075324
8077126
8078484
8080933
8082105
8081255
8083913
8077828
8075787
8077696
8080285
8077635
8077361
8075733
8075601
8077548
8078042
8080797
8076861
8081225
8075139
8074647
8083097
8083771
8076439
8074184
8076172
8077363
8082630
8077155
8074996
8074802
8074270
8078739
8077534
8077963
8082898
8081536
8076198
8075549
8075990
8081282
8081090
8077967
8082578
8082666
8076249
8075285
8082541
8077870
8076374
8079699
8082051
8081330
8076745
8078523
8081575
8077524
8079966
8075468
8083523
8077629
8076395
8075001
8078409
8079461
8082714
8082696
8078463
8081784
8077737
8080283
8077578
8082807
8083571
8082335
8081292
8081547
8074358
8076953
8081767
8082063
8081945
8083434
8076607
8075919
8083874
8079713
8074592
8076983
8076190
8078510
8080427
8075558
8081150
8080149
8077050
8079717
8078525
8082192
8074123
8077351
8076613
8080658
8076551
8076844
8082445
8075763
8077212
8078104
8076498
8078787
8075048
8080257
8074563
8078255
8079034
8083553
8074279
8083301
8082287
8083173
8079169
8076887
8079814
8074870
8081844
8083606
8079963
8078811
8081348
8074964
8080306
8077533
8075510
8078936
8075694
8081280
8077821
8081966
8080924
8076086
8080255
8074667
8079032
8074190
8075832
8079126
8080620
8083996
8078859
8080631
8082394
8078281
8080588
8080945
8083373
8077660
8074630
8082498
8079882
8080819
8077171
8079792
8082905
8083914
8077511
8079275
8081356
8080484
8079289
8081396
8075722
8074092
8078244
8079415
8080448
8076207
8077031
8077174
8077412
8080450
8074452
8084057
8082502
8083636
8076891
8080646
8077778
8075795
8074271
8082050
8077387
8079910
8077332
8074954
8074212
8079626
8078574
8080879
8081862
8081301
8074925
8083028
8083478
8079862
8074632
8075892
8081681
8079097
8075759
8083294
8080408
8075521
8079781
8080166
8078239
8080550
8083156
8075259
8075210
8078427
8083596
8076187
8080717
8079549
8076612
8080215
8076499
8076888
8077274
8083391
8083586
8076876
8075846
8082587
8077657
8083662
8083190
8083661
8077032
8083397
8081339
8077118
8078367
8081804
8077585
8082057
8077810
8082933
8079785
8077437
8082068
8074512
8078604
8076366
8077025
8074668
8082481
8083016
8081732
8077571
8077748
8075559
8074448
8079653
8080777
8077316
8076109
8078958
8081476
8078198
8082526
8083041
8081554
8082575
8080688
8078497
8076311
8082240
8082907
8074844
8077587
8077306
8082730
8076586
8082367
8082473
8075576
8076794
8075068
8080226
8078493
8074735
8081178
8077954
8075769
8075870
8077761
8076019
8076141
8074757
8076068
8076961
8074293
8078388
8074579
8079755
8077938
8076701
8082908
8079621
8079495
8082800
8082953
8082469
8083920
8079756
8074911
8081983
8082692
8077758
8076641
8083362
8078213
8075753
8079815
8079281
8080806
8081043
8074226
8080202
8079893
8077719
8081375
8082922
8074896
8076853
8076018
8075917
8075325
8083239
8076434
8076819
8075747
8083587
8074624
8082926
8082963
8079552
8076170
8082067
8075071
8081918
8083872
8078224
8081964
8074326
8079492
8081567
8079358
8081684
8079937
8080171
8081837
8082325
8076750
8076426
8075338
8076495
8078082
8079622
8080006
8076965
8081233
8081986
8079329
8081140
8082393
8082705
8081778
8077506
8081432
8080293
8074077
8078638
8080140
8079091
8076488
8080822
8079607
8080466
8083919
8074162
8081308
8082869
8083572
8081989
8075612
8084043
8081552
8081205
8082951
8083352
8076275
8082343
8076449
8078410
8078681
8080260
8078250
8078990
8082267
8080642
8078847
8076706
8080363
8082685
8079510
8076122
8081793
8079053
8074534
8079789
8074292
8080102
8083253
8081835
8077344
8076347
8074526
8074209
8077988
8082484
8074753
8083560
8075416
8082387
8083668
8079542
8076240
8076008
8074254
8082084
8077005
8077379
8076654
8080909
8076575
8080703
8076189
8074158
8076976
8078031
8077350
8080040
8081379
8080628
8074676
8082687
8079648
8082659
8078873
8083291
8074645
8076103
8076136
8076026
8078295
8076942
8079212
8082987
8082885
8078252
8075203
8082781
8074962
8074509
8082740
8074678
8078122
8083625
8081193
8077203
8083578
8076483
8078603
8081515
8077433
8075534
8077526
8074388
8074359
8081849
8080567
8076472
8082996
8079709
8082778
8078038
8074466
8077494
8082110
8081610
8075426
8074652
8075946
8080032
8078343
8077355
8074537
8080067
8078468
8076456
8075522
8075136
8079599
8079804
8081180
8080921
8078614
8078919
8081612
8075462
8082828
8074287
8079388
8077647
8082938
8081714
8082234
8075399
8082864
8075356
8081079
8081522
8075370
8082639
8080369
8076988
8083334
8083516
8074420
8081908
8083815
8078838
8075641
8083511
8076230
8083167
8084020
8074110
8074874
8077046
8076254
8074775
8081718
8075610
8081166
8083158
8081861
8074799
8078238
8076216
8080143
8078918
8074997
8083364
8078763
8080585
8078551
8074593
8076484
8076837
8080559
8076435
8079207
8081019
8075504
8075187
8083527
8077669
8082626
8075162
8077146
8074712
8076318
8081907
8074433
8076952
8077722
8079764
8078699
8075983
8081281
8081638
8074549
8075263
8075997
8074332
8081082
8078579
8082890
8078806
8081854
8074508
8080358
8079710
8082259
8074932
8080315
8077689
8082627
8075993
8077211
8082756
8080914
8074887
8075459
8076452
8080185
8079788
8083885
8076334
8081796
8074253
8079555
8077786
8075500
8080766
8079384
8080551
8081202
8082812
8079320
8080996
8077675
8080783
8075569
8081496
8074303
8077542
8077182
8077574
8080120
8079744
8075153
8074572
8081636
8076359
8082743
8076447
8074706
8078675
8077844
8080994
8075514
8074585
8075908
8078713
8079125
8076165
8081491
8076195
8081484
8076541
8078506
8075982
8078072
8082262
8078178
8078115
8078671
8074170
8081617
8081351
8081502
8075811
8079191
8074561
8078840
8081631
8083290
8082062
8074204
8080832
8079952
8080238
8080274
8082227
8075806
8083056
8083789
8080488
8080267
8079702
8074847
8076307
8074868
8077793
8079359
8081392
8077282
8081662
8076833
8076067
8078796
8075713
8079830
8081117
8077487
8083584
8082345
8083074
8080087
8078022
8075172
8077064
8078682
8080455
8081716
8082089
8076393
8077607
8083358
8076319
8076941
8080765
8079267
8076096
8079499
8075284
8078527
8083678
8077995
8079918
8078175
8075276
8080939
8075160
8078141
8084070
8078482
8078275
8080838
8082917
8081419
8081016
8081840
8074609
8074891
8074956
8079488
8082276
8074713
8079077
8076608
8079896
8081565
8079559
8081128
8080021
8079754
8079360
8074854
8075352
8076154
8075279
8079463
8074427
8079711
8081842
8074296
8079467
8083422
8076514
8075751
8076021
8077889
8082189
8078142
8076148
8079547
8079977
8079772
8080068
8082943
8076573
8082019
8077465
8077201
8075838
8079899
8075827
8077356
8074233
8076029
8076737
8080564
8083464
8074640
8080649
8083749
8080343
8083416
8075464
8075444
8080188
8081528
8074099
8077267
8078159
8080390
8077261
8077531
8075898
8077668
8082249
8077723
8076759
8077500
8081326
8075502
8077343
8079111
8075235
8076454
8078998
8083759
8081138
8080326
8080525
8074205
8076559
8079350
8080880
8082374
8076655
8076396
8080366
8075257
8076221
8083271
8081506
8077120
8082264
8075301
8079369
8078597
8075807
8074596
8078576
8082409
8075767
8074614
8081764
8080065
8082606
8078319
8076907
8081177
8078888
8078068
8082268
8075194
8080587
8079691
8082735
8079664
8079644
8079811
8075020
8074983
8080228
8078039
8074402
8075736
8077176
8083462
8077732
8082896
8076209
8075237
8078941
8075225
8082119
8080506
8076557
8079720
8077830
8075557
8081753
8079478
8083311
8082913
8080702
8081791
8079243
8083370
8076325
8082798
8080173
8081118
8077572
8079309
8077451
8079827
8081646
8078352
8077550
8082224
8075618
8075064
8077676
8080190
8080301
8083132
8081376
8077280
8075728
8080095
8076129
8081350
8077709
8076400
8075597
8076291
8079102
8083891
8080723
8078294
8076427
8074831
8081885
8076512
8075154
8081807
8074175
8076106
8079006
8074991
8083532
8077329
8082355
8078054
8076342
8076611
8075446
8075865
8078393
8077858
8077156
8082594
8081050
8079526
8078433
8079421
8074140
8080775
8077238
8078832
8076037
8082503
8076972
8079541
8079026
8079820
8077789
8081717
8074778
8078723
8082151
8078815
8075461
8074758
8074255
8082029
8080510
8078140
8081076
8075118
8080761
8083093
8077832
8076567
8083830
8078350
8083221
8078977
8081239
8077812
8080526
8080192
8078298
8075340
8074612
8078909
8082860
8077486
8075732
8082272
8080053
8080181
8075871
8076035
8078753
8079156
8076248
8083168
8079905
8074627
8074594
8083177
8080835
8083490
8077965
8080987
8083801
8075730
8083230
8081859
8075909
8082390
8075498
8077680
8080071
8081673
8080004
8081708
8077296
8075893
8077010
8082075
8078980
8077785
8078892
8077515
8081820
8075144
8080704
8081311
8080240
8082380
8080672
8081906
8079014
8076662
8082476
8078771
8079269
8079946
8077937
8079992
8075024
8076921
8083346
8083033
8083882
8083042
8077982
8077003
8077482
8075991
8082607
8074586
8077711
8074185
8081253
8076236
8080790
8082083
8077246
8078690
8079061
8076850
8075637
8076839
8079172
8079015
8077543
8083524
8083104
8080641
8080431
8081968
8075218
8077179
8077373
8081306
8075918
8076689
8079158
8084021
8075517
8083250
8074165
8082347
8078928
8082690
8081156
8078041
8079445
8081913
8077917
8074225
8083126
8079104
8076590
8082608
8083755
8080299
8083340
8074193
8076428
8075129
8084035
8081389
8074080
8074156
8077396
8082976
8074747
8080693
8075050
8079649
8077477
8075438
8083203
8076156
8081231
8076155
8082548
8074416
8077952
8078145
8083473
8074160
8074987
8083741
8081428
8077221
8074257
8079042
8076715
8080259
8077807
8078064
8075096
8081245
8075082
8080361
8074089
8078418
8081524
8080401
8079589
8082106
8074197
8081962
8083658
8083981
8081358
8083501
8083333
8078848
8077895
8083803
8078951
8077605
8077833
8079277
8078970
8076621
8076543
8074538
8074690
8083993
8076699
8077736
8075186
8078060
8077324
8079771
8076461
8080656
8081219
8083032
8081911
8079824
8082253
8080478
8075884
8078019
8080678
8077639
8076175
8074731
8076967
8079962
8077767
8080028
8077247
8074507
8075904
8076420
8080978
8080225
8083788
8082133
8082130
8078772
8075425
8081041
8078741
8079770
8074518
8081929
8083867
8075057
8079925
8077022
8081512
8080210
8076046
8077164
8079901
8079345
8076150
8076522
8074523
8076214
8081464
8074558
8075503
8074591
8081705
8076234
8081920
8082402
8077222
8080396
8075249
8083232
8079509
8082392
8078013
8080862
8077881
8080057
8079400
8079004
8074231
8079730
8083639
8081296
8077489
8076419
8083539
8078417
8077522
8083931
8080313
8080009
8078749
8082843
8074451
8077705
8083371
8082104
8076017
8075182
8083781
8074108
8078309
8083948
8076197
8081982
8074835
8083676
8074842
8082023
8081943
8083758
8083379
8080860
8075955
8076269
8079348
8082475
8083496
8080557
8076085
8083595
8075607
8077103
8076939
8074503
8074843
8083425
8075623
8080795
8074839
8079707
8081981
8079038
8077617
8077835
8077747
8074888
8075163
8081139
8083853
8075032
8074654
8075633
8078532
8078351
8076006
8076235
8083312
8079025
8074701
8081620
8079254
8082143
8081727
8082235
8077138
8074642
8076592
8076078
8074379
8080264
8076999
8081957
8075878
8078746
8078225
8081805
8078900
8074860
8083673
8077240
8074787
8074776
8075083
8082749
8082038
8075541
8074082
8074786
8075513
8081387
8078449
8081922
8081615
8081380
8081145
8079235
8077467
8080516
8079565
8078819
8076860
8074337
8081881
8083772
8082695
8080610
8078456
8077166
8083155
8081344
8078391
8077346
8078353
8075842
8078670
8075814
8082748
8083476
8077309
8078757
8075395
8082477
8080956
8082982
8081318
8081897
8076527
8078679
8076438
8079103
8077934
8078139
8082602
8077243
8082170
8078826
8076328
8078583
8074529
8081760
8076687
8077053
8075815
8076925
8081504
8078965
8075105
8079967
8078586
8081701
8077953
8081886
8082773
8081851
8079938
8079380
8078694
8077059
8078406
8083147
8083644
8078938
8075255
8075393
8079496
8076463
8077491
8075349
8076704
8078488
8081100
8080481
8080465
8076714
8075634
8083178
8078652
8074618
8082228
8083812
8076245
8082873
8083751
8078507
8081619
8080302
8076199
8081813
8082109
8082045
8075968
8080413
8080661
8080719
8079613
8081020
8079339
8076610
8077177
8076174
8075674
8077272
8083150
8083381
8076637
8078624
8074748
8082677
8079930
8081443
8080127
8077234
8074798
8083729
8074228
8075035
8074901
8076676
8076579
8083983
8083716
8082185
8075471
8079080
8081853
8076161
8074899
8075712
8077076
8078907
8079162
8077950
8075818
8075599
8079895
8074788
8080951
8084055
8074134
8075314
8076050
8075646
8075266
8075837
8083248
8076966
8080741
8083963
8083868
8081448
8075854
8075128
8082613
8083618
8081593
8076963
8082513
8083083
8075604
8081217
8083708
8082952
8078071
8076582
8082750
8083507
8075282
8076518
8076123
8076986
8079315
8074958
8081313
8078014
8082152
8079817
8076338
8080801
8076183
8077036
8083505
8077981
8080966
8076128
8078360
8078049
8074410
8083151
8076027
8078765
8083209
8078362
8082647
8076339
8079834
8081398
8080781
8080033
8078009
8081941
8082093
8082698
8079779
8083195
8074728
8080911
8076380
8074940
8078818
8079546
8077479
8082761
8080542
8079247
8076317
8083090
8078326
8079822
8077048
8082059
8083438
8081206
8081174
8074829
8079258
8075220
8076473
8081260
8079295
8077290
8079997
8076975
8082739
8081609
8079672
8079919
8075107
8079153
8074387
8078660
8081828
8082285
8074702
8076042
8083427
8080218
8080714
8080659
8079715
8082202
8081037
8074759
8078520
8083114
8079872
8083025
8076630
8074941
8075693
8080942
8077540
8080209
8077551
8078077
8082327
8082893
8077480
8076920
8080019
8081872
8083875
8083555
8075126
8077302
8081544
8079737
8075682
8078779
8077287
8083185
8079482
8080174
8080491
8081812
8083405
8080584
8077773
8076926
8082342
8076672
8074479
8080907
8076842
8075219
8081555
8083125
8081737
8074680
8083657
8077826
8081669
8075397
8078395
8083418
8078188
8083332
8078986
8080660
8078543
8081548
8074781
8082704
8080062
8082436
8076628
8076756
8076667
8083247
8074673
8075179
8083846
8077703
8081517
8078850
8075737
8074277
8080316
8080878
8081345
8076840
8082091
8075941
8076290
8080578
8084050
8076985
8083975
8077547
8083445
8080494
8080595
8078279
8079208
8076525
8079643
8079868
8084034
8082709
8082878
8080991
8081836
8076810
8076133
8080774
8079609
8081142
8082205
8079738
8080721
8076838
8081729
8081058
8081227
8074923
8077088
8076754
8079860
8082997
8084072
8075965
8082348
8077495
8080158
8081068
8074734
8079782
8075419
8075727
8077596
8074513
8077549
8080509
8079859
8074978
8075421
8080711
8077108
8075706
8077168
8075642
8077175
8077707
8078602
8084065
8082531
8077352
8082682
8075926
8076353
8078514
8079094
8083293
8079557
8078932
8077461
8080788
8078080
8084067
8076726
8082414
8076834
8080568
8081770
8076162
8078144
8083688
8074371
8083933
8076503
8079127
8076564
8076820
8078305
8081833
8077349
8083710
8083549
8078701
8079716
8075362
8076251
8083747
8080486
8077002
8082401
8080137
8078106
8075989
8077214
8075857
8081477
8082552
8076223
8082302
8076100
8079147
8083642
8077914
8079947
8080214
8081423
8077644
8083630
8080535
8083205
8077654
8074737
8075786
8079796
8076467
8079124
8076776
8083278
8081580
8077236
8082334
8078843
8075193
8079362
8078770
8077864
8077035
8075253
8080307
8081724
8077169
8080758
8077181
8077503
8082360
8075553
8074280
8082962
8075519
8079924
8077556
8083447
8077029
8083844
8074446
8082567
8082622
8075308
8078503
8081042
8081277
8079469
8077910
8074993
8076587
8075863
8078659
8082903
8081377
8081009
8078834
8081146
8078813
8077706
8083130
8082815
8082010
8074222
8082879
8077968
8081025
8083702
8075841
8083459
8079520
8083176
8081116
8074577
8076663
8077273
8079980
8081338
8076991
8082888
8078768
8083515
8083918
8078687
8077933
8075242
8082381
8083286
8081889
8074168
8083597
8081893
8077364
8079516
8075056
8082107
8076143
8076277
8079083
8079171
8078664
8076476
8080785
8081091
8074977
8077378
8079408
8074492
8075897
8081250
8075802
8084056
8080303
8082580
8082782
8077468
8075390
8080918
8076182
8074161
8081841
8078794
8083905
8076430
8079749
8077734
8082510
8081671
8082021
8082866
8080538
8075334
8076446
8074264
8082058
8075269
8081300
8080010
8082612
8079272
8074344
8077536
8076594
8078695
8083106
8082499
8082012
8080376
8078882
8077215
8083004
8077664
8079851
8078108
8075400
8075437
8082446
8079311
8083941
8081449
8077244
8076866
8080823
8077001
8077855
8083883
8083359
8083424
8082311
8075546
8081394
8083193
8081810
8080931
8074600
8083932
8075531
8081367
8082258
8081892
8078808
8078088
8076778
8081073
8077890
8076540
8083212
8078866
8074511
8077630
8077863
8082588
8080744
8077049
8079617
8079668
8083429
8082096
8083589
8079340
8083113
8076130
8076204
8074487
8080958
8079662
8082553
8082415
8080130
8074109
8082813
8081660
8074814
8077510
8079466
8079543
8080168
8079325
8077401
8082842
8083280
8077377
8083169
8083694
8079752
8083955
8076065
8076878
8079968
8079167
8081031
8075942
8084060
8078472
8082901
8075241
8083236
8077926
8076471
8082657
8079376
8077110
8074556
8078310
8078150
8075458
8083048
8077469
8083810
8083402
8076733
8083880
8079333
8081827
8082049
8080269
8078233
8081817
8079491
8075451
8076500
8075734
8076821
8081426
8080342
8080737
8076678
8080975
8075998
8081948
8080282
8083360
8081902
8077323
8083103
8077228
8078764
8082372
8075244
8081824
8082138
8079337
8082838
8080893
8076153
8081858
8080091
8077924
8077304
8075429
8081591
8080605
8081765
8075271
8074961
8078302
8074405
8079562
8082673
8080097
8083072
8077659
8076389
8076588
8079819
8080078
8075716
8078944
8079615
8077958
8078537
8079949
8077012
8078026
8080364
8078731
8081925
8082707
8075876
8081600
8076747
8081803
8079278
8076217
8081650
8080347
8083930
8083343
8081573
8079635
8077878
8081623
8084001
8080655
8082585
8082443
8075632
8082400
8076415
8079487
8077161
8082239
8082375
8074914
8077472
8081183
8074431
8083218
8076757
8077208
8080912
8082118
8074126
8078358
8084000
8080670
8076779
8077216
8076252
8077798
8075336
8079150
8078978
8083453
8082181
8074760
8081395
8074724
8079451
8080105
8079371
8074615
8075949
8074947
8081590
8075383
8079180
8081171
8081129
8081735
8081059
8075643
8079579
8079187
8079786
8077631
8080348
8080426
8082265
8077371
8076602
8074199
8081404
8084044
8084025
8075635
8077845
8075262
8075283
8076631
8079670
8078991
8078954
8082758
8078509
8074714
8082763
8082628
8081645
8075777
8075093
8081588
8080572
8075900
8080709
8083436
8074907
8075227
8082834
8083567
8083172
8075834
8074286
8078315
8081613
8076735
8083848
8080800
8080767
8082654
8079854
8079020
8075790
8080626
8078293
8083680
8074883
8080475
8080444
8074417
8083724
8083992
8076445
8078522
8083807
8079922
8075836
8082836
8076094
8077383
8077985
8078911
8083693
8081353
8078774
8080824
8076010
8075617
8080847
8075868
8078903
8077735
8076202
8083327
8076669
8074353
8080254
8083564
8074898
8075070
8081461
8077405
8078476
8083120
8078857
8077104
8081485
8075809
8082865
8083869
8076429
8076250
8081875
8078058
8080524
8077695
8079250
8075348
8078413
8082095
8079525
8083006
8084033
8077462
8075011
8080243
8081719
8076511
8078313
8082078
8076855
8074988
8079961
8078610
8075456
8078618
8077624
8075852
8074323
8074595
8080645
8078180
8081661
8077856
8074809
8079618
8082007
8081114
8083009
8082018
8081985
8082121
8081483
8076238
8079200
8079795
8077100
8074797
8076997
8083249
8079462
8077606
8075478
8075793
8079413
8076645
8074307
8083355
8081130
8074183
8076660
8079591
8074397
8078453
8079603
8082210
8079660
8082081
8084059
8083745
8075161
8077460
8082336
8078835
8075113
8078134
8080284
8083243
8078726
8078714
8078684
8075079
8083356
8078575
8082283
8080294
8081873
8079590
8082397
8081750
8079539
8076497
8081998
8079307
8078454
8081758
8079352
8077205
8082754
8074096
8079302
8083915
8075074
8077728
8074965
8078376
8078937
8079708
8078641
8080056
8078010
8081806
8083208
8076517
8074946
8074514
8075097
8082161
8076618
8083888
8081437
8080305
8079206
8082770
8076084
8083944
8083689
8084022
8074333
8082887
8077139
8076892
8079647
8076872
8074430
8074392
8083950
8079566
8082034
8083119
8082921
8076803
8074681
8078301
8079971
8076079
8078755
8076816
8081628
8082527
8077756
8080513
8079283
8082920
8079667
8080746
8082069
8075772
8082341
8079807
8080112
8077019
8076436
8074686
8078052
8076399
8080084
8075031
8077979
8083021
8078864
8075345
8080232
8083136
8079494
8078716
8083654
8079974
8076802
8082447
8076002
8081494
8075663
8074795
8075598
8081135
8079293
8077545
8078325
8084075
8082005
8082382
8081279
8082033
8081848
8083641
8083137
8082542
8080045
8079831
8075062
8078968
8075875
8083670
8076047
8079728
8083225
8077085
8074396
8081752
8074322
8077436
8075718
8082137
8074275
8080753
8079641
8077781
8082123
8079688
8078807
8079096
8083298
8076179
8079174
8076974
8076996
8078074
8082183
8080928
8077811
8077743
8075939
8078688
8080031
8082332
8080334
8080934
8081385
8075127
8083901
8078422
8077016
8074147
8078541
8083878
8077627
8075593
8083717
8077996
8079742
8077857
8076646
8079523
8082129
8080885
8078615
8082056
8082839
8075619
8083320
8077909
8078069
8081940
8083144
8080779
8078535
8079959
8080776
8081921
8074636
8077447
8079475
8080077
8078890
8080959
8083040
8074611
8082925
8076326
8074383
8083219
8078067
8074107
8083776
8082495
8081912
8076523
8079060
8081324
8080725
8075585
8083863
8074916
8081475
8083922
8074265
8074840
8079611
8079511
8074238
8079666
8083805
8078477
8074837
8076394
8082719
8076811
8083703
8083906
8077342
8083317
8076763
8081700
8077565
8075921
8079810
8078341
8078327
8075114
8078542
8079079
8080989
8074213
8083217
8079750
8075454
8082923
8079574
8077806
8078729
8078428
8078724
8074468
8084037
8079332
8084031
8082945
8082457
8080164
8077382
8082433
8080322
8080643
8075958
8079168
8079869
8078093
8076157
8075755
8083044
8077509
8079926
8078508
8078311
8082916
8081285
8075950
8083013
8083315
8075660
8074535
8080023
8083938
8081321
8082501
8083962
8082042
8081331
8076313
8081125
8077101
8079261
8081584
8076364
8079773
8074502
8081516
8080804
8076077
8077083
8074849
8077237
8077202
8076437
8083949
8083183
8074661
8079438
8075305
8080762
8083804
8077919
8076074
8078020
8082934
8081053
8081242
8080590
8078346
8077204
8075189
8079671
8075812
8079793
8074554
8078173
8080074
8078284
8080697
8077295
8082586
8079631
8077795
8078359
8081029
8082273
8076152
8081497
8082877
8075831
8074375
8076684
8078657
8077945
8076506
8082126
8075495
8081558
8077449
8077525
8080178
8074603
8078062
8074926
8074329
8075855
8081927
8077813
8078306
8080749
8077105
8077448
8078814
8075683
8080422
8078870
8081677
8078287
8078608
8082044
8075318
8082292
8083410
8078994
8078181
8080552
8075423
8078160
8074294
8082284
8074281
8079758
8079040
8074421
8083107
8079110
8077077
8083027
8078329
8077009
8083798
8079027
8080415
8075167
8076981
8083849
8082832
8083613
8077226
8082632
8078304
8083477
8079016
8077886
8080463
8075614
8080197
8083085
8077925
8076297
8083739
8079612
8082207
8075770
8078831
8078438
8083832
8080354
8084009
8078324
8082246
8083082
8081322
8075773
8082662
8082030
8081667
8083576
8083851
8074912
8075142
8074113
8079239
8077162
8078704
8080558
8074845
8083916
8080371
8074610
8074909
8078876
8082366
8078904
8075925
8075384
8077612
8075864
8081526
8079002
8082980
8078412
8078389
8083674
8076574
8081800
8078515
8082077
8074813
8076764
8077121
8074709
8083718
8080908
8081463
8077439
8076403
8079071
8080793
8076398
8080671
8083222
8077720
8078992
8080576
8076949
8074455
8081683
8075407
8074745
8082182
8082641
8082603
8082358
8078452
8079241
8082623
8083898
8076577
8078692
8077404
8075746
8082222
8077782
8079739
8081431
8083259
8077095
8076914
8077633
8079409
8080843
8079703
8079913
8079679
8082576
8081811
8084064
8074138
8074475
8084006
8075626
8079276
8081577
8074723
8077519
8079923
8074918
8084053
8074450
8075069
8077051
8079317
8082702
8074470
8077425
8081487
8075850
8080467
8075697
8083196
8077772
8080026
8079987
8076149
8082558
8082521
8081204
8082479
8081570
8083437
8078466
8081286
8080754
8075932
8082065
8084012
8077883
8076265
8083002
8080640
8075410
8082968
8076369
8082737
8082288
8080213
8077314
8075813
8075527
8074435
8079271
8081382
8080050
8083623
8082435
8075555
8077385
8078769
8082656
8078625
8074216
8074438
8080186
8075355
8079443
8077068
8076490
8083600
8074548
8077400
8078783
8074699
8079673
8078528
8076072
8079483
8074473
8077372
8077544
8080136
8077434
8083769
8078891
8074893
8077376
8083014
8081819
8081832
8076652
8081794
8081153
8078955
8077111
8075662
8078196
8081108
8077358
8079196
8083443
8076666
8075015
8081457
8078363
8074546
8075848
8074890
8082015
8080340
8079336
8082818
8079099
8079659
8078269
8082633
8081221
8076041
8081262
8080107
8075232
8078854
8081460
8079330
8077431
8082668
8082184
8077751
8079052
8081723
8080493
8080637
8081302
8079232
8075306
8074895
8078722
8082180
8081034
8082897
8078906
8079450
8083570
8075726
8074327
8081071
8075535
8077263
8081625
8083444
8080277
8081679
8082346
8078529
8077197
8079354
8076167
8079216
8075267
8083454
8074391
8081305
8082988
8077829
8080910
8075466
8082507
8079146
8078822
8078271
8083141
8078561
8078032
8080849
8081062
8083909
8082120
8080639
8083612
8079391
8080812
8078092
8082082
8077731
8074401
8079298
8082148
8075420
8076731
8080534
8077595
8077006
8081914
8079075
8078631
8081372
8074635
8075098
8080268
8078146
8080570
8078733
8083285
8082383
8083339
8081249
8075030
8082442
8078710
8077989
8078708
8083704
8080548
8078760
8079357
8079290
8081815
8079619
8082939
8074819
8078303
8078698
8082260
8075047
8083894
8075158
8076898
8079883
8074597
8082557
8080485
8077057
8076869
8082958
8074973
8078259
8080351
8080239
8077999
8079043
8078446
8081049
8077292
8077458
8081715
8074950
8075688
8080752
8083921
8080252
8075922
8077740
8076856
8083628
8076383
8074694
8082376
8079253
8083456
8079399
8079888
8076786
8081200
8078191
8081121
8080676
8077322
8077942
8083542
8076142
8083216
8078578
8075303
8082683
8083681
8083202
8078364
8081467
8079165
8081164
8077655
8083252
8083603
8081424
8074347
8081154
8081710
8082715
8074370
8074533
8082676
8083400
8083820
8076822
8081105
8078464
8079133
8083826
8079039
8081994
8075435
8080707
8078988
8076873
8077478
8083582
8074738
8074095
8076924
8075016
8077075
8074542
8080030
8080871
8081065
8079519
8079748
8078893
8076554
8074790
8076795
8078245
8082149
8075256
8076515
8077406
8078331
8075376
8081458
8079130
8083264
8077410
8082543
8079081
8084002
8081956
8079202
8082870
8081997
8081656
8081013
8082835
8083160
8074767
8078066
8075703
8078355
8081363
8083711
8080020
8079190
8083896
8079246
8083514
8075699
8074774
8076902
8082464
8080330
8076285
8080716
8076692
8080592
8078642
8075365
8077141
8075381
8075051
8082487
8080547
8076712
8083347
8076851
8083574
8078403
8080941
8077682
8078839
8080755
8079403
8075346
8083229
8076826
8082175
8080089
8080594
8079007
8080681
8075000
8076258
8076852
8075177
8080888
8076565
8081585
8081725
8075738
8078709
8082537
8075940
8082663
8076336
8077129
8081601
8081895
8082178
8081630
8074999
8078394
8084027
8077597
8082427
8075516
8081642
8080236
8076516
8079428
8080115
8078952
8078584
8074571
8076184
8082614
8075882
8078545
8083489
8081110
8081556
8080999
8083594
8082028
8083488
8074749
8075234
8075290
8083590
8078416
8082241
8077299
8077093
8080731
8078922
8078216
8083736
8080696
8081119
8078411
8076690
8076886
8078234
8080286
8076271
8082424
8076933
8077699
8081010
8083599
8079502
8082218
8075049
8074305
8081740
8080864
8082027
8076314
8079927
8074995
8080875
8074415
8080407
8076814
8078292
8078400
8075411
8075744
8078572
8080634
8080536
8079578
8078644
8082886
8078653
8074928
8081179
8083669
8076725
8082506
8083833
8083246
8083019
8081768
8077823
8078914
8082163
8075512
8076990
8082825
8081089
8081014
8082004
8081003
8081196
8076418
8075566
8081798
8075196
8077319
8082649
8078257
8077908
8075492
8079005
8074181
8074949
8081371
8079558
8082716
8080082
8075956
8078215
8082179
8079973
8083742
8079805
8082856
8077184
8080016
8077897
8082892
8084071
8074177
8075804
8076519
8081468
8076624
8079530
8083757
8075278
8080169
8080969
8074368
8074927
8082954
8077970
8077285
8079009
8078431
8080937
8076659
8082296
8082122
8077231
8082438
8078176
8078091
8077961
8076468
8077297
8076458
8083989
8083895
8074159
8083266
8078457
8075309
8075709
8075645
8075536
8075067
8076376
8083726
8081951
8075903
8080531
8076728
8074187
8076049
8081223
8081774
8081272
8077688
8083773
8077463
8076348
8074693
8081501
8074144
8081792
8083799
8074976
8079373
8084017
8075508
8079115
8074662
8081235
8076276
8077713
8080662
8083102
8082937
8076738
8081749
8074863
8076392
8076947
8074692
8074531
8080145
8075657
8075644
8080237
8081222
8084032
8077746
8082076
8077528
8078898
8076993
8076014
8077779
8075012
8077677
8074718
8080874
8075449
8079597
8077232
8075436
8080386
8080124
8083061
8077386
8078564
8075236
8080473
8080814
8081257
8081347
8078050
8080913
8083386
8076650
8078617
8083272
8079268
8077609
8078860
8083207
8083399
8079850
8080436
8079875
8074302
8076549
8078833
8083296
8081401
8081399
8081799
8075587
8076510
8077904
8074570
8082378
8074339
8078790
8078347
8079161
8078332
8077078
8074086
8079138
8074363
8074488
8082200
8077850
8081048
8074229
8081942
8080328
8077896
8079508
8077791
8081304
8083390
8083972
8079894
8076632
8079452
8077651
8076535
8075844
8074152
8082221
8076417
8080560
8079008
8075327
8076135
8082141
8075302
8076569
8076979
8074501
8080295
8084042
8084068
8083224
8079468
8074300
8078419
8079270
8080986
8076344
8083282
8081132
8075317
8077733
8081823
8076614
8082615
8074130
8078171
8083978
8081992
8079945
8078717
8076196
8079840
8083012
8074979
8081741
8075648
8076812
8081329
8083892
8075924
8075995
8083480
8083145
8079065
8082792
8078459
8074480
8082247
8074750
8079435
8080090
8075033
8082992
8078678
8075824
8079693
8081137
8080514
8076361
8081535
8078633
8075620
8076324
8083512
8075371
8076597
8083540
8077819
8077975
8082294
8076431
8084016
8078373
8078237
8080508
8079975
8082214
8080184
8075053
8075947
8080503
8076736
8076634
8077951
8083656
8079812
8077039
8083953
8083686
8076934
8083039
8081629
8075972
8078177
8076063
8080809
8074858
8074460
8078379
8079885
8083620
8078382
8081005
8077239
8074496
8076545
8074943
8075651
8079751
8078063
8075427
8081362
8079123
8074463
8076101
8079213
8077485
8084062
8083231
8080093
8075819
8083509
8082072
8075280
8078338
8081602
8083581
8076186
8082765
8082572
8074568
8082090
8082160
8082421
8082942
8077588
8074298
8077839
8080604
8076082
8079260
8080135
8080974
8080434
8075378
8084018
8076606
8075286
8083288
8080546
8082774
8074384
8081766
8083135
8078593
8082309
8074267
8079092
8080373
8082055
8083211
8079046
8082956
8081975
8076266
8077774
8079765
8075579
8076955
8083543
8075042
8074711
8080372
8083910
8080246
8081984
8081473
8076231
8077666
8083855
8076755
8081052
8077325
8083071
8084040
8078059
8076922
8081594
8083677
8078474
8080086
8079379
8075984
8081252
8080288
8078147
8074111
8074201
8075176
8078950
8081928
8080100
8076884
8077724
8076145
8076677
8082974
8080417
8075120
8079743
8080730
8078385
8078190
8081971
8081608
8079841
8076620
8076466
8077186
8079351
8079776
8074691
8081088
8083797
8074493
8081086
8083432
8080403
8076765
8077248
8077398
8080600
8074436
8078462
8081018
8083601
8074297
8074820
8082408
8078336
8075065
8082747
8083684
8082140
8074251
8079219
8077940
8078265
8078444
8076115
8074710
8078333
8081126
8080227
8083859
8076675
8074412
8079405
8078966
8083565
8080393
8080453
8079625
8075115
8079288
8076688
8074122
8080825
8074822
8077714
8078105
8074986
8081537
8080522
8078931
8074966
8076433
8080500
8081978
8078959
8082599
8078023
8078107
8083831
8080507
8079432
8074770
8078458
8075480
8077040
8083487
8079175
8083783
8082999
8083750
8082994
8083341
8077521
8076455
8075794
8074091
8080949
8081251
8076206
8083435
8076560
8081214
8079248
8083814
8080906
8077686
8076024
8076796
8077721
8083528
8077418
8074157
8082468
8074278
8081284
8075977
8079704
8075022
8082850
8077360
8083691
8077576
8077414
8077456
8074429
8083164
8078598
8080895
8076805
8083316
8082767
8075247
8074861
8077787
8076362
8075754
8076386
8077900
8082610
8079011
8078524
8074792
8079093
8081934
8078491
8074443
8076092
8077172
8080094
8079429
8081098
8082176
8076695
8079279
8075698
8079343
8074608
8080852
8079935
8074804
8074841
8075054
8077799
8074756
8074124
8080606
8078910
8079327
8074543
8076994
8074188
8078120
8080948
8082525
8081299
8080890
8078908
8077923
8080409
8078494
8076480
8078533
8083255
8076371
8075796
8077242
8078421
8075969
8077745
8083118
8075611
8083569
8078116
8081400
8083240
8077546
8075380
8078566
8078380
8075298
8083730
8077610
8081568
8080636
8079867
8080201
8083626
8082480
8079363
8076987
8074952
8080155
8077062
8075475
8076160
8080265
8078792
8075798
8078481
8081955
8080521
8076390
8080884
8074236
8074955
8082456
8082410
8074634
8076977
8077417
8077562
8082837
8081611
8075911
8082417
8082874
8080161
8078505
8078880
8082114
8081319
8083660
8078192
8082785
8078824
8079193
8083752
8078028
8077286
8075934
8075562
8078737
8083503
8080271
8083075
8080792
8081938
8080625
8076391
8077939
8080039
8078623
8076229
8080041
8075018
8074590
8083764
8082310
8083111
8080438
8077922
8082795
8081871
8075205
8074779
8080109
8082563
8081675
8081248
8080764
8076698
8083401
8080247
8080321
8079825
8083393
8075889
8081830
8077652
8074569
8075447
8079484
8079184
8078885
8077913
8083925
8083957
8076373
8082766
8074506
8076256
8077670
8076487
8074818
8074834
8082254
8079576
8076978
8083734
8075080
8074243
8081879
8082116
8076022
8079024
8078989
8079331
8083133
8074990
8075428
8076723
8079472
8082266
8075341
8074865
8078730
8076957
8082097
8082385
8075524
8082638
8080683
8083911
8081213
8076416
8077132
8074900
8080899
8076312
8077537
8074227
8079588
8078976
8081212
8081658
8083363
8075501
8080760
8083441
8076989
8082742
8080423
8080927
8075027
8080416
8075169
8083622
8074221
8081198
8079624
8078480
8083194
8081788
8083952
8080231
8077415
8082099
8076181
8083624
8077632
8077701
8077082
8083923
8079877
8074743
8081519
8081762
8077254
8075720
8080036
8078061
8074832
8082165
8082229
8080346
8077117
8082316
8074445
8074648
8078960
8082535
8076492
8079141
8081033
8081421
8081500
8074145
8078556
8082419
8079070
8081343
8074917
8077090
8083181
8077749
8076681
8079538
8074527
8078499
8075442
8082497
8079068
8075507
8076593
8082686
8081993
8083433
8078547
8082653
8074934
8075211
8080898
8078200
8081355
8078099
8083575
8076713
8083409
8080757
8076874
8075307
8081780
8074105
8083446
8078207
8080462
8081510
8081898
8082565
8074782
8078975
8082233
8081410
8077294
8080327
8082304
8075178
8083754
8079176
8082831
8076363
8075952
8077037
8079377
8074773
8082496
8078573
8074913
8075627
8082961
8078495
8074250
8082308
8083157
8075166
8074422
8076379
8080745
8083108
8083517
8079374
8074148
8079326
8080846
8080439
8078103
8078156
8083767
8080319
8078424
8079969
8079225
8075150
8075463
8081761
8081876
8079335
8078680
8079982
8083893
8079890
8078948
8079416
8075342
8074620
8083604
8076644
8076036
8080695
8074598
8078033
8083775
8075630
8080930
8080492
8075680
8077381
8078040
8080141
8077256
8082211
8080060
8083809
8081776
8076450
8077362
8079069
8076412
8079406
8079349
8083791
8081521
8083558
8077225
8079044
8081562
8082379
8074330
8076493
8074599
8081188
8076627
8081427
8075208
8076534
8075222
8078585
8075520
8074118
8079940
8076824
8081008
8079136
8076385
8075915
8076770
8075109
8079292
8079725
8077122
8074801
8074485
8082368
8082733
8077766
8081374
8076800
8075116
8083605
8080666
8075320
8083398
8078094
8075021
8079832
8076462
8083066
8077872
8074879
8080261
8078706
8075137
8074689
8081961
8076267
8079892
8079746
8080664
8077535
8082255
8082784
8080128
8081722
8076697
8075181
8080633
8078912
8080312
8083357
8080194
8080251
8083939
8081730
8079214
8079485
8084010
8080799
8076459
8075003
8083165
8082964
8081093
8080720
8077888
8077124
8076746
8083353
8080088
8076771
8083683
8083591
8083712
8082899
8077882
8074741
8078845
8078738
8075328
8081454
8082969
8079813
8075749
8076284
8075391
8075583
8078565
8083733
8077570
8083063
8077561
8082364
8082404
8082664
8079286
8079678
8082645
8075414
8080816
8082787
8077690
8078436
8084038
8079897
8082458
8074856
8083802
8084029
8081397
8076504
8076932
8077997
8079054
8075575
8078334
8076806
8082135
8077099
8076401
8075223
8079981
8077899
8084069
8082362
8082461
8082353
8075207
8079459
8081378
8083112
8075085
8080182
8076288
8078553
8079960
8082846
8079863
8082620
8075323
8078217
8083483
8081903
8076225
8079604
8079224
8075954
8078612
8083526
8077359
8077191
8083879
8080022
8079457
8075430
8077862
8083675
8075760
8076444
8080046
8077337
8082016
8077392
8083307
8083482
8079600
8079029
8079983
8075715
8076350
8074885
8079747
8079933
8078084
8076233
8079477
8076956
8079870
8077569
8080869
8083544
8078727
8080049
8074125
8076556
8082279
8080275
8078439
8075102
8075059
8079852
8079285
8076868
8083302
8082516
8082971
8079366
8078984
8080729
8078447
8080827
8076918
8080962
8076015
8077891
8083979
8079638
8083817
8074889
8074602
8076302
8077625
8082849
8077426
8074356
8082791
8077380
8076722
8081384
8076351
8074471
8080807
8077004
8080916
8080724
8079308
8077070
8083500
8076001
8080411
8081229
8074825
8083525
8083299
8079550
8080099
8076406
8074135
8076537
8083970
8079223
8077838
8075299
8079522
8075315
8083942
8083470
8078778
8077320
8083858
8077154
8074725
8080309
8083309
8082720
8083385
8078667
8081557
8081444
8078841
8076316
8080932
8078668
8080834
8083154
8075690
8079031
8078036
8074517
8074239
8074560
8078089
8079188
8076623
8080341
8080207
8081772
8081666
8077270
8077935
8081489
8082601
8083904
8083538
8078184
8083077
8079759
8080365
8074191
8076580
8078504
8083428
8075251
8077885
8081668
8076289
8078254
8083937
8077966
8078552
8075856
8078162
8079294
8083997
8082530
8077160
8074349
8081181
8076091
8079976
8079801
8083823
8079204
8074441
8083192
8076114
8082248
8076012
8076671
8083213
8077195
8083238
8080242
8077661
8078799
8077834
8079719
8074696
8081092
8082891
8079640
8075962
8075382
8076329
8082454
8075847
8078365
8075331
8079580
8079965
8078137
8075537
8077066
8076200
8078220
8074378
8074288
8082777
8078844
8074102
8083987
8081857
8075332
8083568
8080504
8083547
8081970
8082549
8082289
8076748
8074882
8076464
8074310
8074465
8080157
8082819
8074810
8077663
8077188
8076306
8081036
8074232
8077692
8076749
8080853
8081571
8078460
8078901
8080952
8075927
8080735
8078274
8077893
8076971
8080183
8079553
8079319
8079498
8081420
8082517
8081064
8082314
8082871
8081274
8078478
8084030
8082452
8083649
8076357
8082674
8083554
8082251
8081578
8074202
8080311
8076054
8076640
8076854
8080405
8075311
8075564
8080392
8078095
8076817
8082281
8083138
8079082
8082145
8082883
8078037
8083368
8076163
8074515
8075960
8075580
8075625
8074453
8074567
8081781
8077192
8076766
8075195
8083498
8075339
8078369
8082817
8079274
8074224
8078126
8083559
8075785
8075039
8079857
8074119
8083806
8078465
8076213
8075881
8075667
8077517
8081525
8082203
8081015
8078461
8081742
8080701
8074486
8077345
8079164
8074930
8075591
8077762
8077854
8075206
8080034
8077114
8078750
8083866
8074937
8076341
8082009
8082932
8082534
8074700
8079313
8080773
8077446
8081678
8075329
8081825
8079148
8081447
8075044
8077783
8074098
8079030
8074311
8077229
8075621
8078308
8078846
8074090
8079529
8083852
8077512
8080333
8074494
8083486
8082073
8075112
8079724
8081391
8077516
8079259
8075774
8078570
8080156
8078721
8075490
8075086
8083961
8075861
8082164
8080206
8081256
8074273
8081478
8080480
8074120
8078286
8079316
8083306
8078206
8080245
8082700
8080700
8082840
8077523
8075488
8075155
8079844
8078511
8078109
8074409
8079135
8078939
8076069
8074361
8080961
8077153
8078289
8080117
8076531
8074931
8080122
8078874
8079775
8079595
8078640
8075705
8077499
8075373
8081045
8079620
8079989
8083861
8077816
8074112
8074894
8078006
8081996
8077502
8081559
8080778
8081899
8077149
8078805
8081176
8082429
8078307
8075191
8078002
8079105
8082460
8083865
8082225
8081634
8075895
8082960
8081520
8075431
8081450
8074970
8078057
8080468
8075603
8083655
8079344
8079729
8082080
8077310
8079929
8076244
8077708
8082889
8082154
8079131
8077098
8079389
8081944
8077444
8083378
8078270
8082779
8075572
8083598
8082637
8083679
8083881
8081208
8081425
8075710
8075494
8080854
8081952
8080043
8082728
8081289
8075453
8083442
8077518
8082312
8083794
8082280
8078399
8076774
8082538
8075204
8082173
8081127
8077015
8081290
8074557
8080400
8083850
8082621
8079886
8078676
8075272
8083279
8074312
8081438
8078312
8083228
8075499
8077619
8080561
8081569
8075198
8074340
8081323
8074939
8082349
8074259
8079629
8083115
8077691
8074432
8079690
8077538
8083152
8078056
8078076
8081408
8077887
8076719
8076166
8077674
8077206
8077800
8082391
8077969
8080055
8079145
8082820
8083308
8082395
8076139
8081809
8080011
8078577
8078767
8080638
8083902
8080280
8079942
8083834
8080297
8077289
8080013
8075359
8082298
8081070
8077052
8078129
8076000
8075037
8075326
8081566
8075294
8075652
8076945
8074672
8076752
8081024
8077673
8083407
8080692
8076300
8077125
8081704
8076215
8082492
8082618
8076453
8082439
8078691
8076825
8077776
8078125
8082217
8081901
8078963
8076382
8078001
8083545
8083023
8079178
8079465
8074872
8074953
8080476
8077115
8082440
8081197
8074336
8079361
8075243
8075337
8083857
8080170
8080771
8080971
8082422
8081261
8079554
8082775
8081172
8078861
8078693
8074708
8076589
8076638
8079545
8083827
8082706
8080635
8082300
8079182
8074830
8083070
8075582
8079493
8079242
8075987
8080993
8078264
8082313
8081325
8075739
8076700
8081508
8076768
8080887
8077928
8083780
8079041
8077481
8079920
8079177
8077067
8080154
8077018
8083263
8082444
8082955
8081004
8081263
8080593
8075906
8078012
8078340
8078183
8079535
8078560
8076410
8083991
8077563
8079524
8076566
8080665
8077971
8079855
8083529
8083261
8081614
8083994
8076982
8080712
8079378
8076274
8083840
8077912
8074192
8082191
8075310
8074683
8074755
8076268
8077013
8077726
8080686
8081370
8079021
8078744
8076940
8079575
8079880
8081002
8080647
8074855
8074121
8081192
8082307
8074284
8075405
8076550
8079143
8075561
8078718
8081869
8074386
8075004
8076287
8083535
8075075
8077827
8076282
8082841
8082474
8082803
8075743
8082500
8083377
8075148
8075201
8083128
8076241
8076680
8078993
8082470
8082797
8082570
8076407
8082595
8074189
8079628
8077637
8075213
8079642
8083974
8075821
8083244
8078496
8077817
8076016
8074707
8078131
8080830
8083634
8076243
8083322
8077326
8081838
8080208
8080230
8075443
8084039
8079540
8074575
8076308
8081599
8079808
8075265
8075885
8074679
8076502
8075350
8081169
8075087
8083837
8075072
8081802
8075830
8075174
8074677
8082361
8078163
8076724
8078172
8079906
8075212
8076585
8076524
8075165
8081852
8074862
8081709
8077973
8079199
8077196
8082804
8080399
8081967
8079314
8083561
8083494
8079518
8076603
8079956
8079273
8078647
8078371
8077583
8076928
8083847
8078852
8077466
8080027
8076968
8078683
8079993
8075330
8074582
8075293
8077553
8077187
8083735
8082646
8078256
8076272
8074454
8079420
8077741
8080889
8082551
8076132
8077801
8079507
8082132
8084061
8077253
8082270
8081111
8078751
8077947
8077777
8076937
8079159
8075778
8077178
8083943
8080024
8078202
8078669
8081271
8074521
8081081
8082198
8081553
8083912
8083376
8075937
8079113
8076159
8076508
8075134
8075825
8081442
8079062
8083980
8082584
8081190
8074516
8078735
8082351
8074151
8078291
8074785
8082363
8075862
8080063
8079721
8075245
8076906
8080104
8078942
8082755
8074171
8081576
8080437
8077685
8079157
8080414
8079623
8078221
8080544
8079944
8083329
8079778
8074857
8075402
8077483
8082680
8080529
8077593
8077784
8082453
8076696
8076460
8075920
8083408
8080244
8080917
8083020
8083274
8080826
8079297
8074695
8075810
8075138
8077193
8078674
8074619
8078251
8084066
8079984
8083884
8079602
8078616
8075899
8074744
8075666
8078747
8083335
8080461
8074366
8076848
8081269
8074769
8079784
8082071
8076031
8083143
8079386
8082371
8078455
8075479
8075725
8082855
8079917
8082768
8078987
8075973
8080980
8081228
8081161
8076595
8074722
8077822
8078685
8081643
8078677
8082174
8076048
8079318
8082529
8075460
8082186
8078883
8083289
8078611
8079368
8074083
8076105
8075951
8078567
8082718
8079367
8084004
8075045
8082780
8081771
8077837
8075073
8080841
8074984
8082271
8078197
8075408
8079106
8082040
8075586
8080839
8077894
8076273
8081974
8075424
8074528
8074704
8076788
8075552
8078272
8080617
8076787
8077797
8081486
8076028
8078214
8080017
8078791
8079189
8081066
8079700
8075260
8078114
8080739
8080253
8081124
8076616
8076758
8079047
8075544
8077000
8075928
8075628
8078158
8078016
8078785
8080791
8080706
8076648
8074985
8080882
8082087
8076486
8076790
8075248
8076882
8078853
8079342
8076009
8076562
8083965
8074504
8081381
8082655
8083643
8078035
8079845
8079876
8078119
8082459
8077210
8075988
8075590
8081676
8077328
8077803
8076843
8076801
8080733
8078372
8079056
8074178
8079458
8082596
8081808
8078004
8083458
8082993
8075677
8083323
8076617
8075469
8076309
8076340
8078999
8075829
8079375
8080318
8077087
8083692
8081317
8078972
8077330
8081747
8077557
8083226
8076622
8083971
8082386
8074573
8082026
8076045
8075152
8076440
8079928
8075979
8076674
8078762
8078878
8079303
8078961
8082794
8083562
8080615
8081238
8075006
8076111
8079381
8079383
8082640
8083439
8079284
8083227
8081702
8074341
8079035
8080219
8075708
8076121
8082631
8076513
8074971
8081821
8076919
8076710
8083690
8081278
8074815
8074631
8080038
8076322
8078086
8078639
8077608
8083430
8082035
8082895
8078929
8078112
8083277
8079324
8077960
8076668
8075872
8082008
8074936
8078475
8083766
8083474
8080732
8080402
8078920
8079262
8077167
8074153
8082669
8083631
8080780
8074316
8081288
8082675
8074345
8080123
8081416
8077079
8083715
8078404
8074919
8075550
8079934
8074093
8078386
8081746
8077591
8078368
8082493
8079900
8075132
8081390
8074806
8081533
8075409
8080684
8082256
8083088
8077450
8077753
8074393
8079791
8074584
8077271
8080163
8074367
8078487
8076066
8081462
8077151
8074794
8077071
8079871
8078549
8082101
8075511
8083349
8075608
8077152
8082852
8079891
8075360
8080953
8080938
8077771
8074164
8074505
8080081
8081789
8078558
8074838
8075696
8074459
8075912
8078983
8077941
8077555
8078227
8076061
8074407
8075762
8074959
8082904
8082092
8076849
8076367
8075485
8081412
8081880
8078473
8082412
8077944
8079683
8079058
8083234
8083999
8082213
8074910
8081113
8076775
8076845
8079627
8079424
8082331
8076280
8083305
8081359
8079455
8083223
8078817
8077505
8074404
8079074
8080064
8076555
8078133
8082928
8074982
8074524
8076177
8075565
8078161
8078872
8083188
8079838
8077559
8083940
8082216
8074301
8082545
8074400
8076192
8081560
8079681
8082935
8077932
8083067
8080836
8081335
8083303
8082085
8076356
8083201
8076327
8079731
8076117
8078467
8081991
8077794
8083763
8082169
8075976
8082826
8080278
8077145
8083563
8075122
8079661
8076496
8081958
8076609
8079903
8078629
8077127
8076465
8078344
8077409
8080851
8077266
8078530
8081078
8074588
8077679
8076261
8081949
8082909
8079936
8080270
8081691
8076970
8077757
8074282
8078186
8081307
8082428
8077055
8081773
8081291
8081687
8082959
8081860
8076964
8081283
8081364
8078299
8078110
8083139
8076705
8074364
8081209
8082562
8078377
8082017
8074351
8076751
8079585
8080310
8078387
8080085
8081366
8080449
8079740
8075594
8078589
8075077
8081061
8082708
8076753
8078555
8081640
8080708
8075756
8082003
8075789
8080669
8078211
8075103
8077094
8082609
8077628
8083723
8078947
8078540
8082789
8078402
8075702
8082688
8074800
8083556
8077063
8081411
8077649
8075361
8074871
8084052
8074484
8078953
8079470
8076969
8083095
8080611
8076171
8076629
8083268
8081891
8078154
8081757
8079979
8080922
8081923
8083053
8077402
8081531
8074078
8078697
8079745
8077391
8081287
8082159
8078138
8082208
8082330
8074969
8077223
8078656
8079563
8076948
8081734
8079687
8078539
8080349
8081226
8075117
8083382
8080679
8078374
8079036
8077341
8076546
8075108
8081635
8080425
8081696
8083134
8079425
8078702
8076547
8078719
8075669
8075654
8074730
8082162
8075292
8083998
8079139
8078070
8083330
8081368
8074583
8080583
8077931
8082329
8079086
8084074
8083929
8084076
8076596
8079057
8075700
8077775
8078777
8082946
8074338
8083725
8080694
8081900
8083281
8076905
8080058
8079736
8076127
8082357
8074242
8081529
8075156
8078231
8077116
8077497
8081096
8080682
8075907
8082434
8076707
8077892
8075577
8083049
8074437
8076830
8083081
8077020
8081915
8076064
8078502
8082060
8075291
8079669
8076087
8078113
8081469
8080923
8076335
8076679
8082485
8080180
8084003
8082931
8080589
8077613
8079393
8075869
8081648
8077081
8080273
8079904
8082875
8081273
8084007
8080877
8083153
8076120
8082406
8080532
8082936
8077357
8078348
8081360
8083116
8074727
8079573
8077258
8082650
8081979
8082998
8082219
8079442
8076815
8083822
8076058
8080650
8080981
8077395
8074136
8080563
8080713
8078073
8082488
8082823
8081240
8079694
8082013
8076915
8075568
8083536
8081795
8080025
8075563
8080131
8081388
8076257
8079218
8077702
8083635
8082977
8079846
8082658
8077662
8075200
8077375
8080740
8077219
8074334
8079767
8082722
8081785
8075750
8075168
8084028
8074639
8079556
8080833
8077130
8076809
8077860
8083917
8083140
8082373
8075300
8080222
8074525
8075493
8075640
8083602
8081060
8081972
8075953
8079536
8077616
8081947
8074656
8080308
8074716
8079001
8076658
8080292
8074100
8075615
8074655
8079018
8074434
8082967
8082684
8079790
8078132
8076126
8077650
8077157
8075959
8080072
8082884
8076039
8079799
8083392
8082074
8079787
8079090
8076581
8081237
8082544
8082108
8079010
8074500
8079434
8082344
8075131
8082970
8083129
8076375
8074354
8077646
8082052
8074478
8074218
8079230
8083607
8075679
8077024
8079610
8076773
8074315
8079404
8077432
8074566
8077268
8079990
8083146
8080943
8080818
8078267
8083062
8074256
8075548
8082315
8076003
8081276
8078836
8082509
8076635
8080193
8080936
8074414
8082022
8075398
8078666
8078740
8080377
8082142
8081973
8076769
8079601
8083170
8080995
8080152
8078926
8079951
8075971
8081622
8083966
8077445
8078317
8079476
8082821
8082940
8082981
8074587
8080598
8082486
8081393
8081405
8083828
8083935
8079598
8076507
8082919
8083375
8077321
8081682
8082326
8083608
8083522
8079864
8077792
8079198
8078897
8081582
8079353
8080748
8078534
8081546
8080352
8079427
8081721
8081080
8075104
8075529
8075820
8079560
8076113
8074715
8079718
8082617
8077991
8074580
8076571
8080048
8078090
8080599
8076836
8079446
8081099
8074967
8078280
8081586
8081455
8075985
8079410
8077423
8081818
8076548
8075100
8082788
8077408
8076281
8076553
8076583
8076237
8082540
8075088
8080796
8075009
8083110
8082131
8083450
8075319
8078357
8080410
8084047
8077452
8077508
8081541
8081159
8080782
8080622
8081173
8076358
8083671
8081328
8082403
8081538
8076052
8074766
8076835
8075588
8079503
8082328
8080512
8082125
8080601
8074081
8075275
8074106
8078157
8078581
8081652
8077163
8083926
8079033
8076020
8083638
8078003
8079986
8074268
8074688
8078169
8078651
8079128
8077257
8082257
8081587
8079505
8083497
8080515
8082242
8079639
8081035
8077259
8075964
8083403
8074664
8083396
8081894
8077687
8081165
8080142
8077454
8080883
8075650
8079037
8079548
8075532
8078046
8078034
8077224
8081028
8080540
8080497
8083484
8081779
8078127
8074601
8080379
8081739
8076421
8083404
8074390
8083058
8074403
8080281
8080555
8083860
8078562
8079677
8083256
8074796
8074491
8082911
8081550
8080654
8082727
8076625
8082598
8082624
8083295
8081935
8076797
8078443
8079826
8078531
8078636
8074424
8078802
8084058
8076185
8080901
8076378
8079501
8076509
8082771
8078862
8080892
8083468
8080644
8078342
8082729
8075584
8075800
8076331
8074908
8081728
8078193
8080920
8078087
8076691
8083800
8079132
8080770
8079866
8074219
8081505
8080868
8075375
8081689
8080905
8076732
8079129
8081101
8082370
8076542
8083956
8076056
8074850
8081354
8082306
8075757
8078655
8079238
8078398
8080848
8080811
8079050
8077091
8076349
8081170
8083018
8077389
8077159
8075639
8078007
8077717
8081027
8075624
8083824
8081047
8083492
8074481
8081887
8081680
8082769
8074622
8082147
8080121
8083475
8078179
8077441
8083770
8083778
8083472
8074398
8075707
8081988
8077604
8081241
8074805
8075671
8076716
8082732
8083292
8074308
8082064
8083699
8076930
8081417
8083440
8082546
8082274
8077972
8083297
8080287
8074085
8080429
8080808
8074763
8074886
8080479
8078025
8082827
8076568
8078349
8080125
8076789
8074357
8079656
8083420
8080080
8078943
8083367
8082094
8075961
8080256
8077678
8078218
8082571
8075372
8083017
8074150
8081712
8076792
8083384
8082949
8078812
8080543
8075496
8083099
8082187
8081435
8082536
8079471
8074318
8077317
8080857
8078536
8081451
8078981
8082320
8078486
8081069
8082277
8076140
8083372
8081866
8075140
8083084
8078008
8083709
8076912
8077033
8076413
8074355
8076414
8081445
8074461
8084051
8083338
8082882
8075826
8079794
8081051
8075374
8081403
8082880
8074643
8074155
8083159
8078081
8081440
8082450
8078643
8079183
8083580
8083350
8078043
8083463
8082088
8078956
8080472
8077301
8082377
8076711
8078626
8079884
8081603
8077185
8076432
8074892
8076818
8079712
8082079
8082478
8078568
8075321
8080722
8077464
8075866
8078773
8082822
8076071
8077697
8083034
8077217
8083344
8078803
8080651
8079531
8075366
8078621
8080990
8077808
8081297
8076080
8080699
8080842
8080139
8081745
8083336
8079296
8083518
8076134
8081657
8083519
8083455
8074729
8077623
8081112
8079798
8074651
8077993
8080613
8076228
8076457
8075354
8075413
8080979
8079205
8079217
8076423
8079515
8080047
8079818
8074783
8075944
8083080
8074176
8076169
8084024
8078793
8079338
8083026
8079401
8075252
8074536
8074182
8079633
8083627
8082405
8082699
8082322
8079835
8075551
8075967
8081055
8078732
8076259
8083732
8083871
8083982
8074552
8083419
8077279
8079645
8080609
8078519
8077626
8074994
8075540
8077315
8082425
8074789
8080233
8078995
8074963
8078185
8076791
8080339
8076604
8083663
8080412
8079630
8078849
8077560
8080296
8076491
8081295
8079249
8078118
8074906
8083795
8076904
8080727
8075931
8076424
8079839
8078837
8079809
8076323
8076025
8074922
8084048
8076901
8077470
8078318
8077086
8082356
8081511
8082930
8077089
8076591
8074565
8075622
8078423
8077504
8077590
8083005
8078754
8081572
8080092
8079586
8079614
8080005
8080511
8074638
8079257
8082796
8080355
8077198
8075040
8075288
8078029
8077493
8080359
8074762
8083495
8083351
8081711
8074472
8075890
8079109
8080680
8081187
8082573
8079076
8081493
8077312
8078102
8079902
8077577
8083321
8078283
8080223
8082556
8081258
8079914
8080375
8083768
8077484
8079632
8077123
8083818
8080457
8076530
8074139
8075417
8076913
8081149
8077021
8081373
8076118
8082814
8082482
8083148
8079114
8084011
8082286
8079066
8079454
8079726
8079651
8075023
8082776
8074352
8077513
8077959
8074350
8077235
8075775
8082711
8083008
8082851
8079853
8080520
8082900
8082514
8083046
8080470
8078600
8074836
8079453
8080395
8076780
8080106
8078111
8077622
8083573
8079440
8079122
8081672
8080198
8078526
8080098
8079237
8081230
8077824
8076598
8079346
8079988
8074141
8075002
8076469
8079398
8074128
8079682
8079396
8080066
8076865
8083748
8074290
8078079
8079479
8083101
8076188
8077388
8079089
8077397
8082295
8080596
8080502
8081874
8076372
8080337
8080519
8081688
8083836
8075874
8083968
8077684
8077884
8075877
8083877
8075860
8078913
8081790
8076442
8080385
8074439
8083406
8081654
8076191
8077877
8081607
8075758
8081247
8076168
8079616
8079551
8075489
8083579
8078195
8079955
8082611
8078396
8075687
8080955
8083746
8081543
8077043
8080802
8082760
8076246
8080759
8080249
8082194
8080873
8079706
8074180
8079287
8080813
8077028
8081168
8075199
8074772
8074807
8074174
8081931
8075638
8083843
8077007
8079676
8081924
8078361
8081336
8082153
8079878
8077754
8076532
8083787
8076411
8080496
8075209
8082619
8079741
8082340
8075723
8083502
8079714
8081203
8081720
8077564
8079137
8082950
8078500
8075975
8081726
8078962
8082589
8074653
8075230
8074904
8076777
8076310
8083908
8078712
8077936
8081162
8083530
8075957
8076664
8077442
8077984
8081509
8083740
8081056
8082725
8076137
8074444
8074821
8077428
8077739
8081916
8079439
8078189
8075936
8081482
8075392
8078635
8075434
8083421
8076004
8079423
8083491
8076605
8075761
8079448
8081787
8081115
8082046
8081109
8081751
8081733
8083887
8079581
8079426
8083856
8082597
8081995
8083395
8076144
8076099
8080138
8077074
8077200
8077750
8076205
8082423
8076164
8080866
8075542
8079697
8081315
8076194
8075270
8074252
8076208
8083619
8079144
8081969
8083521
8076980
8080344
8078100
8079783
8078957
8076286
8081822
8083592
8075981
8079003
8078053
8079173
8080037
8083593
8077340
8083854
8080541
8077106
8078051
8078407
8076881
8080119
8079506
8082522
8077136
8075157
8081651
8083610
8074980
8080562
8080389
8074828
8077943
8076831
8081333
8079063
8081429
8074852
8075613
8082491
8081878
8082799
8083267
8081195
8076088
8075873
8080083
8079497
8077921
8080495
8077848
8074824
8083659
8078078
8077017
8076232
8079185
8077729
8080489
8079201
8075665
8074761
8079921
8078170
8078392
8075369
8084026
8076761
8078886
8081633
8079692
8074362
8080362
8079646
8077474
8076998
8083876
8083819
8078881
8075974
8075439
8075175
8074117
8077453
8083614
8083086
8076871
8080815
8082319
8080129
8082455
8080925
8078083
8083632
8076862
8083790
8081160
8080768
8083214
8083714
8078935
8083664
8081327
8077421
8077529
8077980
8079418
8079197
8076636
8080189
8080482
8076370
8081210
8076060
8074127
8078823
8079233
8080575
8077374
8075741
8082635
8082539
8078174
8079760
8077851
8083967
8080335
8078229
8076643
8080652
8081499
8077978
8075151
8083174
8081890
8083010
8082299
8075992
8079117
8079045
8075233
8076823
8081495
8082561
8079134
8074897
8075389
8081415
8078946
8076222
8075124
8080586
8081077
8081103
8079444
8080963
8080069
8083348
8077693
8081441
8080160
8079803
8079256
8079064
8080054
8075910
8078828
8083864
8080537
8081653
8077716
8082324
8082694
8083813
8079727
8082238
8077427
8081592
8078996
8079950
8080805
8076995
8075094
8078000
8075578
8083314
8074670
8075711
8082703
8079227
8076938
8079149
8076443
8082863
8079842
8074304
8080569
8081011
8083713
8082100
8079151
8078149
8075776
8076501
8077220
8079915
8075130
8079972
8083672
8078563
8077394
8076343
8074313
8075470
8074920
8078164
8083257
8075797
8081158
8078672
8081606
8080224
8076381
8077579
8075670
8081561
8078645
8074467
8078471
8083728
8074495
8081744
8082984
8082808
8076108
8083924
8078985
8082868
8075636
8080582
8082726
8080621
8080689
8081655
8084049
8080821
8077977
8080608
8080298
8078055
8077868
8076203
8081797
8075589
8082859
8079000
8076729
8078894
8074137
8083179
8078415
8081919
8074866
8078248
8083197
8078440
8080977
8083611
8083187
8078582
8080175
8081596
8076895
8079821
8079370
8079806
8083958
8080794
8076138
8077311
8074530
8077190
8076782
8082407
8079800
8083186
8079774
8077620
8078830
8079823
8082338
8078434
8080279
8076657
8081598
8082437
8076210
8078339
8078915
8080919
8077836
8080320
8081534
8075887
8081549
8074972
8082670
8076858
8083050
8076093
8076656
8075401
8076146
8080926
8079220
8081904
8080042
8081932
8082263
8078554
8075943
8080452
8082660
8076962
8075538
8076337
8080772
8079698
8083123
8081950
8077011
8083051
8078489
8081244
8076384
8081123
8077189
8083792
8083485
8081597
8074087
8075602
8078856
8076827
8076599
8081639
8074235
8078809
8083899
8079264
8075368
8077566
8078858
8079686
8074142
8075171
8078673
8083365
8078627
8083706
8075226
8083721
8078782
8074948
8082465
8082212
8076863
8081616
8079222
8079226
8078649
8076360
8077873
8078797
8078606
8079722
8075141
8081243
8077594
8080539
8076708
8075406
8078232
8082564
8076081
8082648
8077440
8082166
8083200
8083701
8082759
8082431
8083054
8081626
8081094
8082681
8075560
8078512
8075111
8079312
8078648
8075724
8082579
8074285
8081268
8077313
8082269
8077983
8075491
8075684
8080554
8077473
8079665
8078258
8078123
8078098
8079837
8074276
8075017
8079705
8082215
8079179
8082290
8076703
8076211
8074377
8083841
8083166
8081349
8083945
8078868
8081783
8077042
8075277
8079675
8081632
8078485
8074660
8080002
8080718
8074428
8079995
8081507
8083471
8080663
8079012
8078151
8083210
8075482
8075525
8078470
8081826
8077567
8077987
8075184
8082157
8077333
8082894
8079528
8078518
8075486
8083345
8081266
8083889
8080837
8075752
8080505
8082944
8079636
8080007
8083423
8075894
8074289
8083383
8078781
8075880
8083457
8076730
8078011
8082297
8074258
8081490
8075916
8078538
8075970
8078044
8075250
8077065
8081703
8082990
8078599
8075605
8074732
8083870
8082867
8083779
8079013
8077853
8080460
8080710
8074754
8074154
8081246
8077788
8074604
8074768
8081175
8078798
8080001
8079685
8074617
8080756
8074659
8079943
8083890
8075792
8079095
8074389
8078490
8083722
8076633
8074442
8076303
8080044
8075661
8075782
8081845
8082236
8077575
8077143
8081434
8082833
8081748
8076227
8074742
8076489
8082144
8075554
8076739
8075394
8082237
8080421
8083325
8078182
8077014
8074395
8081106
8081743
8080742
8081320
8075101
8074685
8075343
8079658
8076402
8081232
8082651
8079533
8074540
8081542
8081386
8080291
8076193
8080624
8083588
8076296
8080382
8080897
8083142
8079417
8074616
8075347
8075418
8081694
8081564
8077073
8080424
8077233
8077920
8075121
8078048
8081685
8083380
8081664
8081618
8074413
8082113
8081481
8082396
8080581
8079364
8074853
8079958
8077725
8080075
8077501
8077621
8081754
8079655
8079985
8076799
8083667
8082915
8082462
8082678
8082712
8078420
8082066
8081293
8077901
8078786
8079571
8083467
8083011
8080380
8081234
8078249
8081937
8075388
8081471
8083096
8082559
8076292
8080262
8080368
8077276
8080915
8077710
8081167
8079473
8075817
8074650
8075036
8083976
8083035
8080469
8076404
8083448
8075600
8075221
8083415
8077348
8082048
8078240
8076536
8074859
8075714
8079142
8074476
8079537
8077974
8080113
8074637
8083269
8081361
8080350
8082829
8077459
8081224
8075273
8079251
8080763
8081102
8081605
8074274
8083760
8076494
8076125
8075913
8077264
8080003
8080384
8080736
8074249
8076959
8083059
8079802
8081039
8082201
8082001
8081910
8083839
8075901
8076552
8079504
8078725
8076075
8080549
8083934
8082209
8079481
8076808
8076762
8074247
8077780
8079433
8076180
8076709
8081023
8080490
8083652
8083947
8075465
8075038
8074550
8074905
8075188
8076528
8077871
8081369
8077541
8077284
8083665
8083985
8075905
8077054
8074291
8081865
8077681
8076112
8081357
8077173
8081663
8077946
8083122
8081341
8082206
8077568
8077611
8080950
8079101
8077582
8076785
8081107
8077589
8075788
8074210
8083206
8074623
8083782
8080435
8079564
8080845
8076076
8076804
8078018
8083105
8077080
8078168
8083031
8080118
8081148
8074343
8075357
8081152
8082975
8075509
8075729
8080896
8082037
8082806
8079155
8076247
8081007
8074921
8083242
8075609
8080667
8082000
8074399
8080304
8078924
8076885
8075441
8076051
8077278
8082941
8080014
8080876
8083326
8083738
8076264
8078622
8076896
8076533
8078800
8077471
8075678
8080176
8083313
8079402
8078297
8078228
8076867
8082772
8079456
8074283
8082418
8082857
8074269
8081084
8074173
8074703
8081523
8080957
8078135
8075771
8080769
8083640
8078869
8075980
8079572
8079637
8082511
8082244
8079490
8081627
8079049
8083003
8076062
8076224
8078544
8080904
8074419
8080442
8076950
8081637
8080147
8083251
8075647
8083583
8075518
8084063
8079584
8074245
8076520
8074131
8078896
8080691
8075333
8081540
8076992
8075159
8080946
8082420
8075631
8082388
8078378
8081843
8077916
8082196
8078278
8077119
8083845
8083825
8076877
8078842
8080726
8081439
8080984
8083275
8082399
8075055
8078825
8074519
8078276
8075849
8077150
8082188
8076639
8080653
8081479
8075923
8075701
8078285
8080108
8082195
8078588
8082991
8074260
8075060
8078024
8076943
8081136
8079407
8082872
8078498
8074877
8077539
8074697
8078867
8075190
8083637
8081850
8077438
8079532
8076813
8077134
8082512
8082528
8079411
8075367
8081513
8082858
8076073
8082220
8074876
8076038
8082577
8074739
8082232
8080196
8083022
8080061
8074462
8081155
8074826
8081595
8075653
8083030
8082398
8080787
8077338
8074408
8076859
8077645
8081436
8078571
8079240
8084005
8080203
8077763
8075978
8081184
8082323
8075474
8080894
8081756
8076734
8082665
8074163
8079356
8079163
8080394
8075835
8075455
8079017
8084041
8077902
8081006
8077809
8081074
8076600
8079757
8078829
8077852
8082061
8074306
8075673
8075528
8075147
8083493
8079634
8076102
8081649
8075717
8074657
8081186
8078445
8078375
8081032
8082995
8078153
8077419
8077865
8081236
8082554
8080323
8078927
8080891
8082745
8075246
8074578
8075764
8078469
8082741
8083287
8078282
8076425
8082547
8082197
8076828
8075387
8075731
8082115
8080483
8075183
8075216
8079593
8080828
8074248
8081695
8079569
8078021
8076354
8076478
8077213
8076263
8080603
8079674
8077552
8083449
8083037
8082031
8079019
8081864
8078934
8077069
8080212
8078758
8075655
8076781
8081189
8076807
8075745
8081057
8083737
8077742
8075415
8077600
8074200
8076451
8074469
8083354
8078940
8074777
8081422
8075135
8074425
8082365
8078236
8080134
8078479
8082243
8079306
8078005
8079023
8078017
8074793
8079650
8082966
8077102
8079441
8075476
8076783
8077898
8076368
8082483
8080370
8077140
8083091
8083808
8081930
8080750
8077347
8075689
8078865
8080947
8078820
8083276
8080577
8080618
8083465
8078354
8082947
8075629
8083043
8080863
8078654
8081194
8079395
8077755
8078759
8079186
8076651
8075063
8080579
8075484
8075258
8081939
8078492
8080443
8081926
8077034
8080317
8081831
8074791
8080235
8080675
8075119
8075433
8078230
8075061
8075948
8079828
8079953
8082252
8082786
8080272
8082070
8080153
8081976
8082416
8074564
8082111
8074196
8075214
8083163
8075596
8083506
8076260
8075180
8083774
8082906
8077530
8077335
8074733
8081686
8080167
8077948
8082168
8077422
8074497
8081977
8081816
8079954
8082293
8082036
8080566
8076743
8080456
8074114
8074241
8081863
8078097
8083946
8075616
8078658
8083609
8075545
8079695
8076408
8080191
8075364
8080406
8080597
8074380
8082025
8081151
8079244
8077915
8081352
8080954
8083647
8082047
8083986
8079265
8080881
8082204
8080187
8075066
8078590
8083204
8077241
8083646
8075543
8080391
8078705
8079215
8082451
8081211
8080397
8081936
8077643
8075664
8074374
8082809
8082432
8081604
8078871
8079605
8080035
8076298
8080498
8078242
8081856
8083331
8076673
8078223
8078426
8074968
8081834
8076005
8074669
8079263
8078261
8079055
8080404
8080789
8076377
8083215
8082845
8074544
8074698
8082533
8075445
8076330
8081218
8075515
8076847
8074992
8078199
8076321
8082591
8079229
8080571
8080630
8076397
8074682
8083762
8075217
8082847
8080900
8076903
8078628
8083466
8075574
8078875
8074628
8083069
8077818
8083324
8074935
8076283
8075316
8075224
8076253
8075686
8078745
8074116
8077435
8081697
8074589
8078592
8077599
8082667
8081072
8079873
8080872
8077354
8082848
8081254
8081693
8075173
8078917
8082449
8075231
8083078
8077084
8080440
8081579
8074097
8079941
8074665
8079733
8083389
8083258
8077558
8076563
8078776
8074319
8077291
8080332
8075312
8075659
8080345
8075052
8076226
8074385
8074720
8076070
8080051
8082117
8082245
8077859
8082929
8079570
8076927
8079305
8077704
8081987
8082146
8077044
8077672
8075467
8076931
8074477
8078997
8078483
8080940
8077554
8078266
8082805
8075721
8074547
8078971
8076576
8076158
8081022
8080195
8082555
8077730
8078887
8078219
8077249
8083412
8077866
8076899
8078780
8076572
8082472
8080992
8075487
8083191
8077527
8083786
8083927
8082979
8083304
8081418
8075571
8075385
8075228
8076642
8076218
8077879
8081275
8078879
8082854
8074394
8082751
8076178
8080690
8082672
8077060
8075026
8080527
8080263
8081518
8079299
8080451
8082333
8077255
8079994
8079154
8074752
8082736
8084054
8082032
8076879
8077230
8077148
8083452
8074198
8077227
8080817
8074629
8083038
8074266
8078884
8074376
8079474
8082317
8081698
8077367
8083100
8083426
8082172
8075851
8077998
8077592
8078550
8082948
8082190
8075963
8075867
8082701
8075092
8081334
8079072
8081182
8075238
8080728
8081220
8076255
8079948
8075432
8080982
8078335
8079160
8081120
8082039
8076916
8082411
8075076
8078096
8080126
8083995
8078804
8077207
8083184
8075966
8077770
8075581
8081868
8078766
8078165
8076294
8083687
8083513
8081104
8079437
8081980
8083182
8082389
8074771
8074084
8082810
8078085
8082128
8075742
8080738
8083121
8082802
8076626
8077638
8083648
8081406
8077455
8082369
8077802
8076320
8083990
8076958
8075005
8077764
8082853
8076124
8078166
8077718
8076023
8080903
8080856
8084036
8077847
8077759
8077265
8077903
8075473
8079797
8079991
8081877
8076239
8077072
8080200
8077712
8080998
8074464
8082762
8083548
8082524
8081563
8074262
8076107
8076740
8075668
8074942
8076405
8082593
8081264
8076846
8083988
8083504
8078650
8079121
8075497
8081551
8081314
8079561
8074211
8082783
8082636
8083541
8075125
8081530
8079098
8082644
8076960
8082303
8083417
8079282
8078516
8080079
8081131
8082569
8077715
8079412
8074740
8078262
8077584
8080657
8082986
8077142
8080432
8082550
8074851
8078330
8079889
8079414
8076032
8078015
8077507
8079166
8076470
8075914
8076030
8082625
8074456
8082643
8080148
8077058
8074581
8076332
8083235
8079291
8075133
8078974
8080983
8078277
8080015
8075089
8081157
8074817
8077092
8080133
8078557
8078788
8081346
8076917
8077752
8082629
8080786
8075695
8081777
8075095
8083700
8076911
8081990
8074498
8078222
8078405
8080338
8081574
8078863
8082965
8078513
8078789
8081665
8079723
8077370
8074457
8082430
8076946
8074418
8077262
8078899
8080132
8079221
8080668
8079100
8079836
8078827
8078607
8078441
8082581
8078559
8079252
8075765
8080447
8079777
8074625
8082352
8076526
8080445
8080383
8078075
8077601
8077532
8078187
8075304
8078124
8076653
8074751
8075649
8079051
8076897
8079387
8075422
8079768
8082723
8082697
8079898
8083089
8079696
8076832
8080204
8077636
8081514
8080612
8083566
8074606
8083273
8078930
8075822
8077796
8080420
8079280
8077131
8080685
8079999
8080221
8082448
8078889
8082693
8082463
8079321
8076793
8082824
8076365
8082467
8077492
8077825
8075192
8078546
8074765
8079209
8074816
8076529
8079753
8081775
8077429
8078580
8078065
8080159
8082261
8074373
8076718
8078601
8078247
8079334
8083342
8083645
8078921
8083045
8083537
8080289
8083414
8075164
8082504
8080428
8077026
8081456
8075945
8079874
8075450
8079390
8083903
8074902
8083079
8075676
8081855
8077831
8079210
8082801
8077457
8080217
8080419
8074933
8082568
8079766
8082505
8074133
8075197
8076388
8078587
8077911
8077846
8075681
8076694
8082139
8080687
8080487
8082177
8080474
8080146
8076055
8080029
8082098
8080861
8078742
8083964
8079596
8076315
8076474
8083015
8074244
8081097
8078047
8080073
8075539
8082927
8078273
8076870
8081786
8077648
8078337
8082532
8080545
8074812
8076682
8077614
8079957
8081644
8075888
8084015
8079916
8076538
8079996
8078748
8074520
8080446
8077957
8079861
8080441
8079567
8075452
8076505
8083369
8077281
8084013
8074559
8074149
8083366
8081917
8074342
8076601
8083685
8079816
8077096
8078630
8077128
8082171
8080530
8080965
8076044
8081867
8082914
8079780
8081829
8077929
8076387
8079382
8074223
8077245
8078430
8082359
8083451
8080623
8077209
8079843
8079073
8076212
8081044
8076944
8078241
8075592
8076095
8075570
8074449
8080886
8074246
8080248
8081075
8080499
8078752
8076333
8080517
8080111
8074240
8083073
8081713
8077498
8081498
8079865
8082223
8083951
8080165
8082752
8077992
8076262
8074674
8074369
8081083
8076923
8074881
8082011
8078288
8083131
8076857
8079594
8077293
8081095
8077416
8074833
8081946
8074553
8074784
8080360
8075883
8077875
8076116
8080300
8075740
8078117
8081303
8074827
8076784
8079236
8077368
8078734
8079848
8076890
8079582
8076720
8077056
8082689
8081063
8083300
8078432
8075146
8074675
8075839
8082910
8075240
8075081
8083550
8078945
8074705
8083431
8079385
8083481
8080110
8077113
8078736
8082112
8080374
8080430
8078743
8077413
8080705
8081259
8080533
8083318
8082582
8074346
8082710
8081414
8080619
8079909
8081474
8083060
8083265
8077790
8080151
8080458
8074499
8083954
8076485
8077183
8075533
8079112
8083092
8082508
8074539
8077642
8075523
8075938
8081647
8077218
8083328
8076702
8081641
8075287
8078646
8080747
8082985
8074166
8081312
8080751
8082020
8077573
8081122
8080929
8076929
8077964
8081201
8079587
8076584
8083886
8080614
8074626
8079858
8081736
8075816
8074132
8082861
8080388
8082661
8081267
8083388
8074207
8075344
8080591
8082738
8079447
8080803
8075353
8080070
8074924
8083479
8076201
8076219
8075675
8075046
8076104
8077671
8083220
8083616
8082691
8078591
8074605
8081046
8074321
8081294
8078321
8075768
8083245
8077930
8074186
8081738
8079500
8079480
8075335
8083793
8079735
8083615
8078027
8081706
8078905
8080179
8084073
8074719
8081814
8074104
8077384
8074803
8078328
8080556
8079048
8075704
8076299
8082199
8074194
8074951
8074217
8074960
8079140
8077861
8077308
8080250
8081001
8083161
8082193
8078720
8076864
8074214
8078821
8074423
8074873
8075078
8082150
8083319
8083720
8074929
8083784
8076119
8077298
8079592
8078314
8083897
8074687
8078384
8079849
8081265
8075091
8075886
8076293
8076279
8082717
8081309
8080553
8074867
8074206
8078210
8075853
8077170
8075808
8078703
8077634
8078594
8083969
8080418
8074179
8074167
8080972
8075295
8078949
8081909
8082250
8079347
8083175
8076295
8077976
8082957
8079489
8077694
8080114
8077407
8075274
8075783
8074846
8077327
8076742
8074272
8075845
8074649
8078761
8080820
8083460
8075123
8080573
8074989
8076649
8079310
8077411
8081017
8081207
8079392
8081888
8078700
8081270
8078810
8074348
8076685
8082912
8080629
8082127
8081690
8076767
8080398
8082816
8083499
8080101
8079486
8074335
8081087
8074220
8082426
8076558
8076984
8080944
8076521
8081965
8074644
8076007
8081884
8078263
8076693
8077683
8079577
8079881
8075019
8081470
8080607
8082515
8080314
8082902
8078728
8078851
8075748
8076147
8076305
8080177
8075297
8075170
8076481
8075994
8083695
8082156
8077949
8076110
8078979
8079419
8077990
8075784
8079087
8076242
8076131
8082918
8076544
8079067
8081143
8079911
8082972
8075828
8083753
8076908
8083260
8074555
8074884
8083109
8077443
8080798
8081134
8077994
8077403
8080677
8083024
8077030
8080059
8082384
8078316
8083394
8079521
8077144
8076721
8078450
8077727
8077842
8074331
8077334
8083361
8083198
8074208
8078442
8083900
8081413
8075801
8076683
8078707
8081905
8076772
8079887
8084019
8078203
8082590
8079211
8082583
8082489
8083064
8077581
8075386
8075996
8078715
8082679
8079847
8081000
8078451
8083057
8077194
8083068
8075799
8075351
8078155
8080211
8076717
8080964
8077366
8078613
8077424
8079355
8078370
8079192
8078967
8074309
8078925
8083127
8075595
8080144
8079568
8077303
8076954
8076647
8076893
8083270
8077109
8083189
8079322
8079998
8080673
8077927
8074780
8083007
8081407
8075567
8079460
8076561
8079732
8074938
8080216
8076578
8080973
8083977
8075281
8080241
8079762
8081402
8077277
8077165
8081527
8080715
8075058
8082494
8074172
8077251
8076482
8081492
8077305
8077047
8082339
8080162
8082973
8078619
8083785
8083765
8080205
8080459
8074621
8075891
8083696
8075779
8079394
8080018
8075440
8074426
8081465
8075692
8077180
8076270
8083036
8079978
8078243
8079527
8080076
8082086
8075735
8077097
8074671
8081446
8075084
8080103
8076346
8080325
8081054
8079341
8074261
8083936
8078661
8078816
8082301
8081191
8075106
8074974
8077640
8076098
8074944
8079022
8075526
8075930
8074115
8074658
8078448
8074237
8074880
8074458
8082043
8076883
8079181
8081539
8078663
8076301
8082652
8077698
8078381
8077475
8080616
8081589
8076880
8076441
8080674
8079701
8081337
8080865
8079231
8082790
8080632
8075110
8083413
8075185
8078143
8082983
8076936
8074489
8078194
8074666
8081215
8075896
8079328
8081870
8076670
8074764
8079964
8079689
8075986
8080258
8074474
8082671
8080988
8081670
8075313
8076619
8081581
8082746
8078662
8082830
8078756
8075879
8074746
8076841
8078665
8079119
8079203
8082713
8083697
8077874
8075791
8079583
8080967
8082518
8075780
8076059
8075041
8082158
8081466
8078204
8080844
8075202
8077760
8074864
8083585
8079769
8077199
8079449
8074203
8076727
8080229
8082744
8078401
8075805
8081488
8082024
8077369
8081085
8079120
8081963
8075261
8078595
8075028
8083682
8075556
8079907
8075099
8080477
8075766
8076278
8076090
8077339
8081882
8078130
8078205
8080627
8081332
8079116
8074143
8079028
8076894
8077476
8075719
8077307
8075691
8079534
8077618
8082604
8080580
8082102
8076089
8078605
8076151
8075396
8076570
8082753
8083707
8076951
8081472
8074146
8080840
8081659
8080784
8075008
8075477
8080867
8082124
8082305
8083531
8078148
8078923
8075363
8075672
8078296
8078235
8082520
8082275
8080698
8082002
8074541
8074576
8081144
8079513
8082844
8079761
8074195
8081839
8074234
8077580
8081433
8082642
8080850
8077318
8080985
8074721
8076661
8081133
8080523
8074325
8081452
8081026
8078152
8079663
8082466
8082041
8080602
8083761
8078521
8075929
8080353
8074878
8078801
8074633
8081453
8081012
8077038
8076033
8083284
8077061
8081763
8083029
8076083
8077905
8076539
8080471
8078895
8078634
8077520
8083052
8079194
8074574
8077158
8076973
8083629
8082592
8077008
8080970
8083098
8081731
8075264
8077768
8078268
8077906
8074975
8083337
8080935
8083000
8083534
8081163
8083510
8083241
8078902
8077955
8083262
8080290
8079304
8075239
8075457
8083653
8076220
8081340
8081365
8082226
8074613
8082764
8083705
8076097
8082471
8077805
8079266
8074915
8076176
8075296
8078969
8080357
8083508
8081532
8077283
8076900
8075573
8083577
8078045
8074903
8080329
8083928
8079544
8075656
8078596
8079763
8075858
8074295
8078686
8074736
8080331
8075999
8077815
8074382
8083829
8079107
8078916
8077840
8083727
8081953
8076741
8080855
8075685
8079939
8083744
8078212
8082757
8081801
8079245
8075010
8077820
8083862
8076355
8080501
8074875
8082876
8075530
8082231
8081185
