10000
6999176
7000877
7002647
7005607
7003700
7002742
6998516
6998762
6999352
7001949
6997508
7005784
7000778
7003264
6996039
7001522
7000099
7004761
7003739
6996726
7004520
7001428
7000527
6999918
7000910
7005722
6998424
6998429
7003289
7002533
6996211
7005819
7004569
7000547
6999317
7002425
7003883
6998232
7005294
7000155
7002966
7002643
6997618
6999644
6996987
6997428
7001584
7004232
6996913
7001173
7002012
7003430
7001748
7001889
7000570
6997552
7002939
7001154
6997139
7004422
7002276
7003214
6997104
6997404
7003788
7001275
6996911
7004430
7005842
6996314
7005377
6999108
6998376
7001083
6999677
7001493
7004504
6999683
7001402
6996529
7000458
7000687
6997185
7001738
7000641
7005779
7002700
6999325
7002540
6997960
7004379
7000224
7002381
7003386
7004245
7005544
6996805
7005379
7004600
6996436
7001865
7001281
7003874
6999157
6998454
7002615
7005469
7003589
6999949
6997381
6999032
6998820
6997471
7002676
7003206
7000197
7001219
7005430
7004722
6997745
7002782
6996555
7003473
6997041
7003480
6998140
6997691
7005392
6997884
6997166
7004033
7001491
7005671
7003601
6999940
7005097
7005761
6997773
6995940
7005391
6997335
7000618
7001191
7003941
6999563
7002212
6998821
7000265
6996512
7000587
7005431
7002716
6996851
7003536
7004407
7000081
7003122
6996388
7001787
6999717
6996040
6998748
7005300
7004788
7003166
7001603
7000012
6996177
7001803
7004492
7005523
7001790
7003209
7000965
6997297
7003098
6997756
7001193
6997523
6998215
6999316
7003052
7001447
7002070
7001816
7000132
6996462
7002537
7000548
7004848
7002306
6996870
7002969
7004438
6998226
7005151
7000415
7002915
6997857
7005432
7003449
7002089
6999288
7001202
7002416
7004440
6998477
7003977
7000577
6996658
7001662
7001442
6998711
6997112
6999478
7003434
6996769
7003357
7001518
6999733
6996196
7005676
7001164
7003448
6999720
7002275
6997558
6999543
7001305
6998861
6997088
7003063
6997007
7003949
6996204
7004772
7004687
6998474
6998948
7003767
7003634
7001652
6997640
6999861
6999181
6997135
7002243
6998631
7001244
7004077
7003276
7003912
6996424
6999589
7004991
6996174
7001907
6999887
7002710
6999329
7002910
6997492
6999801
7005382
6997520
7002594
7004277
7001533
6997638
7000901
7005415
6997595
7003203
6996451
7000236
7004446
7000957
6998676
6997770
6997846
7000429
6998629
7003603
7003902
7001228
6995915
7000827
7004655
7004809
7002954
7003336
6996883
7004853
7001569
7005771
7002577
6996558
6998813
7003860
7004956
7004377
7002846
7003986
6998751
7002159
7002698
7005400
7004942
7000432
7000751
6998602
7000627
6997374
6996703
7004601
6996546
7003565
7001118
7004376
7001809
7000083
6998595
6996738
7000914
6998420
7004725
6998023
7000729
7005287
7000043
7002510
6999705
6999730
6998854
7005850
6998407
7000434
7004899
6997644
6997608
7003027
6997255
7004631
7001363
7003176
7003812
7002832
7002878
7003582
7000316
7005208
7004457
6997969
7004651
6996324
7002840
7000860
7001732
7004485
6998138
6997596
6998540
7005030
7005507
7004226
7002869
7003924
7000283
6998928
7004210
7001688
6996848
7002349
7000517
7004597
6999898
6999091
6999569
7004370
6997021
7003833
7002179
7005383
7004851
6998372
7000179
6998078
6997260
6999923
7005177
7002344
7004865
7005458
6999018
7001928
7000791
7001385
6997434
6998347
6997119
7002567
7001900
7004333
6999046
7003468
7003367
6996643
7004561
6996513
7002604
6999651
6996765
7001259
7005405
6998674
7005026
6999300
7002786
7003237
6999011
6999530
7004195
6998685
7002025
6996645
6998584
7004012
7004888
6996337
7001088
7005113
7000716
7001580
6998033
7000493
6997469
6997784
7003395
6999657
7005311
6999712
7004539
7000441
6997107
6996951
6996970
6999029
6998236
7000509
7000476
7003981
7001840
6999165
7002181
7003040
7005269
7004847
6997116
6997592
7003146
7001672
6999658
7005745
6999404
6998020
7004996
6999460
6997953
7003906
7002562
7003023
7001757
7002931
7002574
7005513
7005812
7003117
7002621
7000568
7004477
6998838
6996087
6997962
6999523
6995904
7000588
6996728
7005876
7000694
7003188
6997575
7004067
7000589
6999753
7001312
6996423
6999277
6997710
7002682
7003934
6999976
6998069
7002547
7002595
7002884
6997438
7003438
6998316
7002087
7000578
7003909
7003295
7002127
7000225
6997242
7000496
7002882
7002885
7001788
7003268
7000456
7003205
7001254
6996021
6999466
6995922
6997237
6997788
7002118
7003048
7004747
7004496
7002539
7000074
7004694
7003679
7002758
7005808
7001718
6995987
7001775
7003090
7005339
6996417
7000761
7005732
7003085
6997730
7002974
7003979
7000852
6998580
7002049
6999499
6998522
6996403
6995902
6999565
6999197
7004990
6998146
6998060
7005562
7001848
7001252
7002121
7001490
7005703
7003251
7000886
6996157
7001581
6997173
7003341
7003346
7005517
7002799
6999224
6996525
7001972
6996568
7002331
7000597
7000196
6996122
6996758
6999886
7005215
6997994
7000243
7000505
7005034
6997699
7004164
6999255
7000624
7002141
7001321
7002697
7004260
7002110
6996499
7003980
6998231
7004738
7001322
7001691
6999853
6998063
6997703
7004019
7000277
7004997
6997050
7000763
6998105
7002911
7000823
7002472
6998223
6997415
6998327
6999664
7002632
6998761
7005837
6997755
7004256
7005064
7003600
7002071
7000447
7004109
6999031
6996751
7000876
6998340
7002936
7000001
7002490
7000537
6997830
7005865
7001168
7004411
7001325
7005449
6996243
7004244
6998818
7001725
7003371
6997215
6999973
7003556
7002340
7002507
6998553
7004221
7000815
7000249
7001284
7005510
7004594
6999819
7001523
7001070
7004907
6997706
6998108
7005253
7001665
6997518
7005693
7003240
6997466
6996599
6997023
7004802
6997427
7003167
6999246
7002552
6998687
7000184
7001405
6997386
6998468
7003595
6997137
7001871
7003783
7003304
7001881
7000747
6997024
7005790
6997350
6996123
6998218
7002581
7005877
7000042
6997757
6998130
7001574
6998785
7001076
7004602
7001550
7005647
7000058
7002494
7003784
7003885
7004758
7000123
6996421
6996168
7002264
7005478
7000335
6997176
6998068
6997231
6998030
6997287
7003383
7000193
7005721
6997120
6999737
6999735
6999798
7003996
6999323
6996604
7005846
6996100
6996338
7002057
6996517
6996254
6998186
6998828
6997447
6999659
7000373
6998159
6997636
6996015
7005588
7001640
7002855
7003379
7003955
7001923
7002104
6997033
7001425
6999265
6996730
6998305
6996077
7000613
6996048
6998092
7004900
6997591
7003691
6997032
6997498
7002765
7003558
6998170
7003745
7004989
7003411
7004460
6998137
7003086
7002927
6997243
7005461
7005257
7003579
7004387
7005303
7000905
7002044
7004508
6999119
7004654
7003182
7001380
7000182
6996074
6996289
7002804
6998735
7002216
7000866
7003780
7000681
7001143
6996220
7003177
7002564
7001156
6998925
6999131
7003407
7000298
6998441
6999514
6999035
7004317
6997417
7003417
7001478
6998525
6998878
6998457
7004090
7001072
7003834
7003785
6999985
6996607
6997062
6997051
7003890
6997868
7004629
7005735
7000460
7003701
6995995
7004877
6999287
7004810
7001968
6996623
7003695
6999488
7000817
7004849
7001770
7003135
7003608
7000984
6997336
7004748
6997462
6999435
6997279
6998875
7002971
6998991
6997030
7003567
7005053
6999006
6999363
6997645
7005065
6999696
7000326
6998643
7004309
7003080
7004706
7004300
7003325
7000542
7003966
7001023
6996596
6996426
7003049
7004007
6996363
7002244
6996874
7002937
7003415
7000558
6997082
7002154
7003564
6997061
7003011
7001227
7000752
7002995
6995927
6997911
7005232
6996895
7003439
7004312
7003715
7003218
7005546
7000362
7003243
7005731
6996456
6997764
7000168
7001353
6997456
6998541
7003391
6999290
7001139
7002600
7001774
6999301
6999109
7001962
7005218
7005880
6999971
7004940
7001869
6997211
7003515
6997487
6996191
7002407
7005563
6997749
7001057
7005129
6997362
6996681
7002556
7002387
7002171
6996283
7001745
7005715
7002017
6999049
6999293
7004519
7005549
7002908
7005349
7005748
7002751
6997009
7005148
6998550
6997731
7000384
7003950
6999338
7002293
7003384
6997308
7001345
6998844
6996748
7000469
6996850
6999173
7002332
7005488
7004705
7000015
6996547
6999377
7005299
6997796
6997814
6998120
7004671
7001544
6996713
7000762
7002867
7004027
6996986
6996729
7002946
6998114
7005724
7004636
6998776
6997068
7001942
6996655
7003372
6997999
6997908
7000402
7004666
7003130
7002162
7004843
7002673
7002160
7004873
7004926
6998004
7001289
7004854
7003155
7004401
7000218
7003761
7003714
7001778
6998601
6998604
7002339
7001807
7005598
6997435
7005428
6998508
7004105
7000307
7004932
7002368
7004716
7000388
7003846
7003001
7002300
7001122
6996823
6999005
6996516
6996404
7001371
7001670
6996052
6998523
7002436
7000064
7004846
6998103
6996824
6999189
6998963
6996699
7005298
7002886
7002945
6998217
6999384
6997820
7001535
7001638
6996141
7001129
6999342
7003666
7003298
6998134
6999586
6996322
7004517
7000725
6998750
7005335
7004061
7003286
7004619
7002691
6999437
7001169
7002450
6998286
7004841
6997485
6996523
7002919
6997689
7002677
7002441
7002209
6997072
7003574
7002596
6998450
7004459
7004358
7002891
7002397
7001255
7003864
6997928
7005590
6995965
7005385
6998274
7004782
7001671
7003629
7004790
6996095
7001874
7001627
7002403
6999231
6999827
6999571
6996381
6998368
6998747
7000982
7002130
7001917
7000451
6999345
7003648
7004141
7001708
7005699
7000110
7000117
7000411
7002393
7002572
6997948
7005726
6999036
6998673
6996051
6999875
6999094
6998395
6997253
6996351
6997312
6998122
6996899
6998554
7005262
6996818
6997557
6999059
7000385
7003312
6996136
7003872
7003870
7001346
6997599
6999227
7004632
6999689
7001557
6999320
7003963
7004313
7001038
6999209
6999471
7000160
7001179
6997330
6999120
7000087
7004494
7001649
6997517
6997573
7001427
7004721
7001926
6999661
7005249
7005007
7003066
7000690
6999588
6999066
6997018
6997324
7002423
6996161
7001572
6996666
7003733
7002668
6998255
6998393
6999568
7004551
7002601
7003583
6998922
6997674
7004144
6999003
6998213
7001621
7004905
6996269
7003216
7000394
6996844
7004834
7002658
6999527
6998298
7005408
6998566
6999654
6999621
6999593
7003644
7005454
7005759
6998666
7002775
6995908
7004156
7002183
6995977
7004470
6998811
6999312
7005653
7001607
6998302
7002103
6996441
7005369
6998277
7004335
7004086
7005337
7004580
6996340
6997576
6997219
7003639
6997284
7001519
7002541
7004870
6996025
6999442
6998999
6997804
7000664
6999434
7000170
7000679
7000748
7004735
6999950
6997719
7002975
6997806
7000446
7000149
7004334
7002242
7000401
7002359
6999116
7003640
6996943
7003390
7000203
7005123
6996179
6998726
6996587
7000601
7003627
6996552
6995898
6998526
6999958
6996086
6998737
6998227
6995957
7000233
6996569
7005200
6998061
6999522
6998935
7005718
7005010
7004275
6996353
7000805
7000315
6997272
6996501
7001912
7001644
7001971
7003951
6996094
7000102
7001714
7004886
7005350
6999758
7001077
7000314
7002286
7005196
6998897
7001867
7000850
7000554
6999331
6997004
6998106
7002984
6996313
7005006
7000875
7003989
6999515
7005574
6996500
7001701
6997929
7005014
6999883
6999941
7005521
6999023
7003561
6998307
7003541
7001700
6997856
6999983
6998952
6998954
6996735
7005226
6999395
7001664
7005646
7001716
7003116
7001260
6997011
6998992
6999399
7003285
6996097
7000431
7000658
7005528
7001412
6997445
7001404
6997246
7003270
6998884
6997092
7002667
6996296
7004083
7005224
6999088
6998617
6998008
7003500
7003104
7002456
6997977
6998943
7001108
7004089
7001483
6998619
7000621
7005397
6997700
7001820
6999368
7000063
7003089
7001722
7000090
7005381
7000162
7005209
7001378
6999641
7005728
7001416
6999367
7005187
7005091
6999372
7005491
7005367
7002865
7003635
7003084
7000784
6996718
6999448
6998994
6997713
7005100
7000457
6995983
6996791
6998599
6996613
7004169
7004677
6996695
6997677
7004198
7003174
7000370
7003399
6998759
7000615
7001056
7004052
7002380
7002857
6998209
6997850
6999443
7003866
7005605
6998872
7004516
7002979
7001564
7003940
7001450
7005255
7004586
6995975
7005165
6998201
6999679
6997039
6996720
6998752
6999123
7004967
6999584
7004946
6998313
6997182
7002851
6998934
7001231
7004474
6997944
6996222
7004502
7001922
7000067
6997473
7003272
7000222
6996414
7001324
6998118
7004051
6999186
7002317
7003224
7005406
7001620
7003088
7000696
7001901
7001374
7005805
7004465
6998590
7001904
6997679
6996935
7001780
7003026
7005769
6997834
7003804
6998176
6999463
7000055
7000634
6995951
7003332
7000811
7002138
7005568
7004396
7005716
7004869
6997505
7005892
7005783
7005680
7004700
7001435
7005144
6996485
7004662
6999309
7001303
6996782
6996315
7003369
7002251
7001669
7002172
7001966
7000011
7004468
7000126
6999554
6999870
7005078
6996893
6998879
7004115
6999879
6995955
6996505
7004203
6996905
7002584
7000971
7004617
7001081
6999614
6997056
7004505
7004120
7000232
7000760
7002639
6996162
7005039
7000439
7003153
7000975
7005885
6999610
7004633
7001338
7000285
7001232
7000088
6999731
6996674
6996061
6998529
7004701
7005314
7003494
6998184
7000220
7003349
7001497
6999601
6996453
7005244
6996835
6997464
7001980
7001079
7001703
7002961
6997855
7001866
7005866
6996687
7004028
7004425
7001895
7004018
7004489
6999579
7000343
6997512
6997109
7004006
6996144
7002135
6996696
7002140
7001705
6998310
7000992
6996875
7004235
7003141
7000692
6996474
7005610
7004890
7001132
6999415
7005107
6997766
6998438
6999897
7002122
6999770
7003882
6998985
7003258
6998110
7002789
6997559
6998292
7001563
7002003
6997369
7004196
6999670
7003008
7001369
7001264
7004805
7000418
7000573
7001484
7003570
7004211
7002355
7003022
6996257
6997382
6997475
7005163
7001477
6996538
6997990
6997410
6999284
7003967
6998987
6996374
6996618
6996557
7002347
7000166
6999278
7002023
6995936
7005094
6998315
6999273
7004330
6997876
6996602
7003619
7004941
7002277
7004116
7003413
6999009
7002701
6996370
7000109
6997303
7003661
7003072
6996742
7004894
7005767
6999529
6997718
6999850
7004962
7003398
6998520
6998381
7002505
6996784
7003689
7003897
7001286
7004506
7003101
7004469
6996857
7002148
7000095
7001172
7000669
7005270
7001715
7002980
6996626
7005169
6996678
6998161
7003148
7000746
7004014
6998265
7002460
7002098
6996149
7003175
7004813
6997774
7002063
7000874
6999632
6998615
7005040
6996937
6999754
6999804
7000312
7003836
7005038
7005413
7001905
6998543
7005263
7001632
7001099
7005421
6997927
6996171
6996567
7004756
6998825
6996760
7003922
7003184
6996234
6998626
7003814
6999905
6997105
7003938
6997939
7002386
6999069
7005386
6998739
7002237
7000259
7000943
7002967
6999598
7003208
6997910
7003138
7003905
7000332
7001583
7004467
6996070
6999262
6997968
7001684
6997986
6999135
7003696
7002210
6999704
7003461
7005723
7004860
7005473
6998466
7001455
6999924
7000678
6996931
7002236
7002771
6997905
7004238
6996934
7004341
6999932
7000843
7002909
6997251
6997516
7004234
7000284
7003956
6997568
6997727
6998481
7003361
7002131
7004833
6998478
6998256
6999825
7003486
7003321
7001177
6999093
6997918
6999628
6997621
6999655
6999656
7002982
7004053
7004000
6997912
6998301
7005206
6998469
6997115
7001454
7003962
7000125
7003359
6996617
7005227
6996446
7000753
6996464
7004737
7000956
6996176
7002269
7001004
6998417
7003447
7001271
6999330
7003580
7002083
6998348
7005566
7001204
7002447
7000974
7003697
6996752
7005190
6999972
7005341
6996741
6996078
6999024
7003624
6997453
7004901
7001006
6997161
7004669
7003736
7001969
6996548
7002169
7000059
7005859
7000987
6999199
6999457
6995970
6995999
6999353
7002805
6996914
6999914
6997513
7001498
7004065
7000191
7001418
6996003
7000378
7001625
7002790
7000360
7004130
7001223
6998100
7001413
6998864
7004576
7005117
7001331
7002390
7003671
7005757
7005581
7001012
6997842
7005527
7002766
6996089
7004394
6996878
7005320
6997979
6998614
6996117
6998365
6999146
6997735
7001950
6996560
7003970
7000276
6999769
7002793
6999881
6996355
7001502
6998725
7000486
7001133
6998841
7004165
7001110
7004324
7004431
7001547
7000837
7002166
6999615
6999406
6997924
7000862
7005267
7001989
7000313
7005324
7002453
6996620
6998513
6997659
7000745
7000519
7005682
7000097
7000708
7002377
6998249
6998182
7004172
7003651
7002061
7000983
7002420
7001600
6997432
7004630
7005189
7000996
7000657
6998185
7001786
6996047
7002525
7000909
7003440
7000174
7003076
6999863
6996600
7003854
7004353
6997739
7005591
7002607
6997207
7004321
7002002
7003606
6996524
6997838
7004548
6997542
6997393
7002848
7002692
6996045
7000440
6997031
6996521
7002167
6996108
7001125
7000089
6999768
6996676
7004002
6998360
7001626
7002913
6998504
7000150
7004442
7000465
7000062
7005664
7005149
7000154
6998721
7004455
7002429
6996663
7002102
6998895
7001272
7000234
7004660
6997561
7001674
6997458
7003655
7005198
7004718
7001545
7001045
6997083
6997981
7002016
6998815
6999210
7005440
7005848
7004108
7004325
7000004
7002582
7002587
6996429
7001629
6997096
7003429
7005424
6996422
6998965
6998244
6999039
6996809
6998745
7003009
7001237
6999695
7000449
7003694
6999398
7005870
7002260
7001615
7003311
7004274
7004297
7000536
6998312
7000948
6998680
6997481
7002948
6997837
6999706
6999761
7002085
6997639
7005755
6996916
7002687
6997683
7001592
7001654
7002299
7005418
7004697
6996084
6998521
7000192
7004161
6998814
6999982
6999597
7000661
7002845
7002757
7002305
6996831
7001134
7000962
7004771
7005409
6999468
7002327
7002392
6998969
7000622
6997221
6999812
6999814
6996946
7003180
7004187
6997812
7000084
7003946
6996111
6997012
7003068
7000826
7001018
7002129
6999313
6997828
6997897
6998492
7000528
6999253
7005709
7002519
6996938
6996932
6998045
7002234
6997338
6996873
6999473
7000764
7002139
6996430
7001804
7002133
7004337
7004862
7004646
7002189
7001579
7005764
7002614
6998691
7005276
6999546
7001709
7001510
7005231
7001116
6997450
7002163
7000355
7004818
6996971
7004924
7005888
7001500
7001093
6999611
7004249
7002217
6999249
7002876
7004322
6999962
6999545
7002365
7004075
7002850
6998790
6996754
6996654
7000667
6999001
6998311
7000770
6996627
6998555
7004978
7000616
7005228
7004541
6997611
7004163
7002015
7003239
7003677
7000998
6999889
6999416
7001898
6999403
6997419
7004259
7002613
7000003
7000321
7005057
6996556
6997913
7002769
7005502
7001986
7001165
7001614
7004927
6996305
7003530
7001149
7005447
7001184
7002739
6996113
7000098
7001005
7002241
6997630
7002534
7001818
6996673
7004184
6996762
7000039
6996915
7001055
7000930
7002206
7003179
7005292
6996984
6997248
7000870
7003309
6997932
7001726
7002753
6997815
6999600
7005302
7004456
6997684
6998081
7002482
6998191
7000404
7004945
6996882
6996863
7005393
6997102
6997348
6996483
7005356
7002750
7002693
6996046
7003795
6997938
7002871
6997614
7004410
7004736
7004777
7003704
7002866
6999890
6996030
7003516
6997178
6998066
7005514
7000459
6999282
7003331
7003423
7000821
7004068
6999935
7004789
7000979
7003740
7002424
7005139
7003255
6996900
6998362
6998964
7000133
6997227
7002010
7004552
7003888
7000608
6998258
6999874
6998356
7005274
7002400
6996732
7002778
6996135
7000029
7004354
7000487
6995945
6996662
7005375
6999010
7003698
6995943
6996013
6996475
7001492
7004241
7003964
7002312
7005102
7002772
7001727
6998630
6998343
6997319
7000262
6998462
7001368
6997476
6998247
7003313
7002732
6999947
7004475
6997217
7005626
7001838
6999776
7005105
6996855
7002231
6999430
6998169
6996468
7004889
7002733
7003472
6997957
7003895
6996561
7000318
7004138
7005714
6996828
6996413
7001175
6997162
7003267
6997836
6998189
6996746
7004572
7005295
7002633
7002883
6998091
6996519
7004166
7005291
7000830
6996101
6998133
6998321
7004682
7003524
6999964
7005032
7001178
7003958
7004657
7002112
7000051
7000731
7005567
7002214
6998591
7000260
6997194
7003573
7002187
7002032
7003605
7003892
7000264
7001805
7002045
7001530
7004642
7001829
6998168
6997898
7004434
7002802
7005539
7005186
6998463
7004243
7000016
7002535
7000521
7002801
6999781
7002318
6998210
6999532
7005325
6997480
6998166
7003859
6999379
7004773
6996777
7005515
7000916
7004174
6998012
7003028
6996694
7005760
6999557
6999866
6998452
7000294
6998497
6999351
7000892
6999106
7004458
6999281
7001379
7005683
7002065
6998514
7002856
6996616
6995909
6999202
6996145
6999868
6999502
6996649
7002838
7000153
6999572
7005313
6997356
7002342
7001990
6999699
6999385
7002916
6996704
7003424
7003831
7004001
7003777
7000600
7002321
6999640
6999912
7004493
6995895
6998250
6996332
7003222
6998741
6999951
7001382
7002268
6998439
7003667
6997412
7002529
6998326
6999772
7000743
6999970
7005874
7005508
7005540
6997482
7004374
7004193
7005506
6998603
7003260
6998147
6999581
6998707
6998291
6997525
7005343
6995966
7001073
7001792
6998084
7001022
6998647
7005457
7000329
6997740
6997793
7003835
7001509
6997209
7005114
7002208
6998889
7003456
7002829
6997526
6997402
7001589
6995953
7003265
7005817
7003728
7001981
7004302
6996469
7003186
7005708
6997292
6996701
6997553
6997789
6997956
6997902
6999990
7003365
6997101
7004009
7001251
6996597
7001102
6997922
6997170
7005631
6997738
6997810
6997878
6999833
6999552
7001849
7005248
7002704
7003353
6996708
7004923
7004585
7005847
6999121
6996195
6996722
6999136
6997262
6996427
6998931
6998200
6998043
7001296
6999929
6996511
7005083
7004668
6999232
7000261
7002748
6998494
7003266
6997192
7003281
7003699
6996774
7004281
6999576
6996901
6996022
7005479
7002685
6998742
6996884
7005465
7001610
6997091
7004559
7002205
6998486
7004613
7002468
7005005
6997732
6996385
7000270
6998401
7004533
7005435
7003481
7002515
6997225
7003465
6997751
6998848
7003137
7002184
7003926
6998623
6997887
7004118
7004266
7005852
7000112
7001992
7001315
7001096
7001743
6999276
6998461
7003706
6997122
7005662
6999053
6996940
7002396
6997257
7003549
7003431
6997967
7000757
7003238
6999617
7000130
7005799
6999117
7005229
6999142
7000185
7004154
7004724
7005119
7003663
7002664
6997585
7001048
6996280
7004780
7005821
6999688
7004702
7003280
6999310
7004437
6996950
7003221
6998924
6999319
7005691
6999196
7001925
6998695
6998594
7003403
7001451
7005363
7003532
7002745
7002092
7003219
7004992
6999813
7000213
7004753
6996346
7004254
7000146
6997301
6996478
7000474
7003017
6997016
6995901
7003038
7004473
7001323
7000990
7005627
7001344
7001090
7002019
7003158
7003712
6996428
6997702
7001192
7004139
7003562
7005707
7000786
6999214
7000485
7000607
7005125
6997234
6999348
7003799
7001635
7002488
7000932
7004699
7002653
7005851
6997978
7005352
7002513
7004390
7004885
6996679
6996866
6996373
6998633
6999396
7000532
7003483
6998062
6996158
6998388
6997060
7002282
7001598
6999424
7004874
6997114
7002938
7004713
7003918
6999537
7000603
6996956
7002094
7001851
6998709
6998131
7001704
6998278
7000410
6997134
7003488
7003513
6995947
6996621
7002523
7005616
6997398
7005864
7005740
6998528
7003062
6996093
7001616
7001675
7003356
6996947
6996785
7005829
6998281
6997950
6999963
6996750
7002091
7004709
6999642
6998898
6999922
7005754
7004739
7000169
6999444
7003249
6997694
6997556
7000673
7001834
7003095
7000920
7002059
6997306
7002458
7004960
6999392
6997571
7004231
7001791
7001939
6997074
7005015
7002095
6998051
7004521
6998416
6996759
6996288
7003288
7005545
7000048
7002797
6998536
7001860
7004406
6997779
6999382
7000715
6996160
6997311
7002833
7000651
7005096
7004656
7005889
7005223
6998713
7003710
7002630
7000178
7003319
7003165
7001861
7005402
7002894
7005674
7005250
7004560
6999394
6999358
6996786
6999534
7001465
6998653
6998208
6999710
6995972
6996163
6999147
6997538
7004661
7004680
7003335
6996119
6996731
7003323
7005272
7004595
7002652
7005277
6998616
6999749
7003162
6996336
6999004
6999472
7001948
6999027
7001536
7002034
7001440
6997625
7003420
7003764
6996245
7001689
6996011
7004914
7002712
7002329
7005670
7002714
6999808
7003551
7001862
6995992
6996544
6998404
6997133
7005154
7005247
7005862
7005109
7002249
6996238
6995974
6997147
7001306
6997087
6996997
6996656
7003387
6999216
6997844
7002590
7004832
6997002
7003157
6999556
7004658
7003566
7004237
7000052
7004829
7004566
6999910
6997064
7000177
6996368
6999928
7005437
6996321
7005621
7004857
6998143
7000091
7003631
6998373
6998949
7004817
7002111
7001059
7003557
6996978
6996419
6996050
7003077
6998221
6999848
7000483
7005518
6998263
7004344
7005182
6998314
6997358
7002096
6996647
6997537
7005191
7001171
6996440
7002914
7001257
7005555
6996242
7000985
7000873
7003454
6997315
7002398
6998608
6999869
7000235
7002724
6998119
6997852
6995950
7005637
6999907
7003051
6999333
7005511
6998913
6996042
6998270
7002404
7005235
6997026
7000531
7005056
7004744
7000034
6997461
7004415
7000915
7003366
7002776
7004026
6996221
6999540
6996624
7005792
7003493
7004583
7003889
6996298
6998710
6997316
6998074
7004030
7001007
6997454
7000376
6999158
7004213
7000780
6998303
7001310
7000275
6997617
7001189
7004509
7005268
7005336
6998706
7000727
7002960
6997017
6998696
6997344
7002228
7001469
7001049
7004998
7000526
6999849
7004176
7000350
7001094
6997128
6999739
7003193
7004850
7004253
6995923
7002943
6998027
7005124
7003925
7001673
7003732
7003721
6999327
7005736
7001075
7005768
7004794
7004975
6996268
6997252
7004147
7004025
6996053
6999585
7004723
6999965
6999235
6996331
6999885
6999548
7000100
6996200
7004066
6999919
7001683
6996535
6999994
7004665
6995948
6999734
7003879
6996830
7000138
7004555
7001279
7002740
6996714
7003262
6996964
7002119
7004218
6996810
6998464
7002563
6996744
6997678
7005160
6999721
6998758
6999056
7004959
7004988
7000580
6997801
7000092
7000348
6999270
7002619
6996906
7005210
7001409
7003789
6996343
6997151
7005481
6997274
6996214
6998026
6997484
7002028
7003096
6996711
7004667
6999512
6996565
6998627
6998650
7001888
6999818
7000672
6995988
7004035
6997352
7002924
6996886
7000247
7001488
6999510
7000008
7000942
6997748
6998064
6997043
6996949
7005445
7002854
7005080
6996386
7005012
7005127
7001351
6997013
7002310
7003914
6996110
7004040
7005617
7002431
7001124
7000367
6999126
7004591
7005426
6999945
6998978
7002940
6997366
7002055
6999996
7003539
6999391
6997167
6996551
6998320
7001857
6997380
7002824
6998910
7003778
6999851
7003385
7001856
7002557
7003368
7003988
6998489
7005801
7004363
6996467
6997071
6999362
6997854
7003760
7005519
7000925
6996301
7001354
7002881
7000194
7002988
7004471
6996665
6998933
6998593
6997422
6999793
7002783
7005197
6998518
6999984
7005264
7000545
7000139
7002491
7001467
6996223
6998358
6997934
7002670
7005008
7001106
6996657
7002521
7001097
7000398
6997206
6997294
6997714
7000961
7002684
6997157
6998500
7001003
7001929
6999691
7003959
7003489
6996227
7000835
6998944
6999141
6999440
6997357
6996143
7000377
6998053
7002681
6996443
6998183
7001010
7003490
7002452
6997671
7000953
6996197
6998384
7003345
7001936
6998936
7001835
7001386
7003021
7005706
7005155
7005278
7003212
7004128
7005180
6998266
6996976
6999906
7000847
7000364
7002124
7004208
7000077
7002435
7004332
6999841
6996133
7001201
6998675
7003798
7000833
6997038
6999019
7000025
7002132
6999903
7000403
7001285
6998773
7000322
6997347
7001377
7000328
7000246
6998782
6999335
6999308
6997705
7001636
6999785
7000816
7001606
7002324
7005162
7001540
7003115
7004296
7001372
7002173
6999802
6997407
6998832
7001300
7004495
7001847
6997376
6998058
6997337
6996518
6996199
6998304
6997448
7004855
6997946
7002097
7003133
7001887
7001717
6996014
7004060
7002418
7003747
7001053
6996230
7004746
7000520
7005629
6999687
7003546
6995968
6999125
6996408
7002267
6998635
7000569
7002978
7005019
7005535
6996849
7004299
6998836
6997203
7004180
7001104
6996671
6999451
7002011
7004303
6996904
7005741
7003518
6998527
7000739
6998988
7001789
7001250
6997430
7001266
7001040
6998796
6997222
7002037
7005037
7001772
7000822
7005492
6996792
7000575
7005331
6997651
6997701
6997241
7003641
6996202
7005750
7002477
7005378
6996131
7003652
7000163
6998080
7001552
7005525
6996491
7001436
6998950
7004931
7005355
7002069
6996044
6998716
6996773
6996124
6997848
6999087
6999414
6997408
7003598
7005625
6996448
6999555
7003803
6997363
6996487
7000406
6996885
7001183
7005104
7001329
7005470
6996725
7001333
7003111
6997786
7002492
6998609
6996926
7005370
7001136
7000106
7001460
6997001
6998048
6998171
7004101
6997368
7001362
6996808
7004775
6997914
7002451
7003611
7003802
7002029
6997080
7000020
6997892
6996998
7004215
6998187
7002250
7001766
7004690
6999237
7003248
7004199
6996292
6999671
7002912
7005305
6997709
7002265
7005018
6996995
7000788
7005472
6997413
7003610
7000255
6998971
7001397
7004549
7004814
6998237
7001696
7000857
7002211
6999927
7001389
6998031
7003300
6999783
6998346
6996737
7002314
7004882
6996690
7005793
7005066
6997903
6995978
7005122
7000802
7005118
7000453
7000566
7000879
6997906
6998268
7000785
7001924
7000594
6999388
7000610
7005773
6999068
6996290
7000351
6999784
7001347
6999986
6997660
7002897
6997529
6996912
7001811
7000495
7001233
7004582
6997615
7004384
6997811
7004995
7001506
6996240
7002370
6997254
6999915
6998295
7003686
6996962
7005490
6996869
6999134
6999592
6995926
7002434
7003685
6997467
7003843
6998903
6996757
6997106
6998014
7004933
6997515
7003000
6997501
6999071
6999877
6999533
7001973
7004977
7002395
7003597
6996622
7002462
7001660
7001339
7002497
6996457
7004264
7004188
6999702
7001837
7001051
7002527
7004592
6998322
7000553
7001489
7001019
7001824
6997204
7001503
6997860
7005891
6999680
7000464
6997963
6997809
7004842
6997883
7003408
7002528
7005140
7003572
6998394
7001946
7002862
7005004
7001084
7003254
7000500
7002560
7000995
7003083
6998678
7001505
7003491
7003817
7003592
7001870
7003170
6996659
7003808
6999201
7004073
6997439
7005529
7000726
7001407
7005141
6995919
7002880
7000433
7004186
6996134
7004513
6996382
6997103
6996918
6998446
6997879
7004255
6996059
6998483
7000529
6999285
7002225
7000773
6999564
7001623
6998024
6996247
7001825
6998539
6998162
6999843
6998772
6999051
7005789
7002116
7003059
7000639
7000924
6999243
6999481
6998902
7002039
7005021
7004637
7004770
7001830
7002760
7002224
6997862
7001226
7000574
7002107
7002333
7002656
7004943
7002847
6999736
7001537
6997807
7002280
7005725
6998104
6999280
6997661
7002542
6999715
6997652
6997053
7003901
7005098
7001390
7004993
7000856
7005744
7002114
6996479
7001307
6999536
6998216
7000420
7002345
6997507
7001760
7003140
7004290
7000311
7004212
7002794
7003277
7005079
7000790
6999553
7003919
7003743
6998332
7004908
7002811
7003190
7003107
6999726
7002509
7002463
6998049
6997052
7005050
7003443
7004983
7002072
6998620
7003975
6998961
7001937
7002440
7000704
7004640
7003829
7000749
6999326
7004806
7003851
7002719
7003378
6997859
7005599
7004032
7001170
6999239
7002481
6998920
6998405
6996286
6999393
7004039
7003932
6997388
7004498
6995993
7004081
6999743
7005322
7001568
7002415
6996390
6999613
6998444
7000229
6999790
7002247
7004200
6997974
6997327
7005173
6996610
6997509
7004424
6996125
7002616
7000304
7005433
7005071
7002553
7002043
6996225
7004034
7004593
6996334
6997581
6997569
6998977
6996459
6999081
7001854
6997943
6998592
6997121
7000927
7001037
6997531
7005572
7003543
6997488
6996295
7002637
7003633
6998095
6996514
7002932
6998798
7005112
7004689
6996216
6997936
7004319
7003607
7000769
6996246
7002296
7002622
6999074
7003521
6996780
6996418
7000722
7005185
6999675
6995973
7003505
7003305
7003509
7004823
6996790
7003626
7003772
7003944
7000713
7004634
7000303
7001466
7003898
7001911
7000014
6999145
6997271
6999294
7005756
7003519
6997965
6998642
7001882
7000383
6997392
7003145
7002479
6996493
7000037
6998019
6998251
7004557
6996891
7005136
7003328
7000841
6996783
7004912
7000655
7004112
7002199
7001464
6997212
6995961
7002675
7004155
7002433
6997546
6996896
7004069
6998211
6999974
7001712
7000980
6998749
7003553
7005690
6999480
7002650
6997533
6998858
6998480
7004895
7000210
6997623
7002284
6998129
7002514
6998260
7000559
6997506
7003244
7001203
6995958
7005810
7002705
7002734
6999980
6999744
6997355
7001031
7004607
6999559
7005834
7001756
7000814
7000649
7001127
6995941
7000801
6998109
7000278
7004355
7004177
6996229
6998560
7005069
6997005
6998509
7002194
6997658
7004064
7001959
7000461
6998827
6999824
6997721
6999858
7002054
6996064
7000893
7003646
6999061
6998795
6999854
6996471
6999551
7005844
7002295
6999957
7001798
6996739
6997395
6997345
7002498
7004395
6997612
7005471
6998958
7001421
6998868
7000195
6998279
6998659
6999203
7004416
6999904
7003283
6995932
7004182
7005049
7003241
7004399
6997111
6996675
6999718
7002663
6995918
7004329
7000244
6995903
6997310
6996991
6998158
6998135
6997477
6997698
6999722
6998941
6996371
6997063
6998006
6997232
7005609
6996452
7000144
6998230
7001740
7005785
7001316
6999766
7003616
7000186
7000546
6997322
7002198
7001771
6999578
7005595
6998282
7003731
6996966
7001199
7003464
7002086
6999470
7000935
7001265
6997460
7001034
6997861
6998151
7003338
7002788
6999815
6998498
7005868
6997499
7002356
6999936
7001089
6999166
7003163
6999795
6996550
7003019
6997181
7004904
6997955
7001370
7002445
6997570
6998645
6999251
7001754
7001245
6998369
6999380
6997840
6997704
7005669
7001821
7004628
6996854
7001361
6998276
7004574
6999668
7004821
6998857
7004111
7003668
6999867
7001761
6999191
7001155
7002373
7000543
6997620
7005297
7004142
6996917
7002174
6996029
6999757
7001894
6998181
7002661
7000507
6998607
7004856
6996633
7000417
7001459
7002385
7001979
7004338
7002185
7000346
6998375
6998328
7004712
7005733
6998153
7000079
7005804
7001527
6999635
7005823
7004971
7002066
7004432
6998552
6999055
7000602
7005816
7000076
6995911
7000423
7000022
7003527
7000525
7000646
6998412
7002923
7004598
6997177
6998285
7003994
7001943
7001517
6998640
7004392
6998927
7004872
7001474
7000560
7003112
7000929
6999475
6996276
7003717
7005828
7005036
7003412
6999360
6999771
6996698
7004042
7003204
6996004
6999328
7000199
6998656
6999079
7000972
7001677
6997685
6996677
7000147
6998065
6999653
6999254
6997081
7005213
7003998
6998421
7000120
6998387
7004875
7005579
6997470
7004796
7001376
6998851
6999544
7002064
7001086
7002080
6996583
6999747
6998271
6997609
7003684
7003669
7005675
6997245
7003858
6997349
7002255
7001893
6995906
6996027
7002258
7002115
7003259
7005271
7004778
6999354
6998040
6997624
7000510
6997474
7002341
7002281
6999816
7001633
6999998
6997075
7005288
6997696
7004268
7001400
6995897
7004160
7004624
7002731
6999650
7005494
7005020
7005273
7004840
7002495
7005296
7005893
6997278
7004937
7001617
6996081
6999789
7004371
7001612
7005547
6995928
6998597
7001699
7003388
7002290
6997889
7000387
6998918
7002232
7000950
7004388
6998929
6998197
6997907
6996181
6997256
6999314
6996038
6998361
7000792
6999835
7001801
7001970
7004046
7004347
7001723
7003307
7002486
7001525
7000375
6996299
7004812
6995980
7003078
6999229
7004476
7003560
7000606
7003246
6999356
7003334
6997028
6997717
7005067
7004948
6997334
7000605
6998797
6998605
7004398
7005340
6999152
6999168
7000776
6996316
7000471
6997954
7002408
7002699
6998765
7001499
7001886
6999037
6998547
7000361
6996528
7002933
7000691
7001058
7005758
6996890
7000626
6996490
7004323
6999988
7000824
7001679
6999934
6998465
7005219
7001207
6997822
6996140
7003470
6999026
6999140
7005499
7001135
7005044
6997138
7002844
6999535
7001292
7002075
7000799
6998204
7003065
6999205
7003310
6999195
6996262
7001839
6999054
6997354
6997160
7002720
7003928
7003620
6998794
7000202
6997148
7000738
6996983
6999916
6999685
7000540
6996944
6996107
6999104
7002022
7000454
7004364
6997418
6997869
7001975
7005450
7004257
6998007
7003681
6998883
7004538
6996088
7004547
7003948
6996347
6996035
7000853
6998667
6997329
6999149
7003226
7004095
6998034
6999441
7005085
6999267
7002164
7000372
7001298
7000391
7003046
7004121
7004695
7000359
7002082
6998077
6997457
7005236
6997010
7001381
7003692
6997132
6999492
6998986
7002101
7005429
7003126
6999405
6999477
7005753
6997635
6997213
6996437
6996120
6998447
6996871
6998628
7002963
6998683
6997866
7004972
6998893
7005164
7004672
7000363
6997896
7002035
6999259
7001016
6999021
6997391
7004016
6997077
6997095
7000437
6999636
6997129
7002182
7002893
7003099
7004676
6999763
7003189
6998690
7004717
7003421
6999608
7000677
7001582
7004328
6999991
6999252
7002301
7001217
6999663
7002088
6998682
7000928
6997426
6997240
7001597
7000922
6996226
7000158
7003380
7003279
6997027
7003220
7004523
7001373
6997223
6997923
7002520
6998975
6996375
7002120
7000522
7004754
6999627
6996908
7003425
6996461
7005565
6996407
6999118
6997307
7001015
6999096
6998047
7004134
7000254
7005090
7002413
7003942
6996536
7002626
7000793
6999439
7004530
6997313
6998812
7005240
7001176
7001609
7001021
7004609
7002109
7002823
7004565
7003930
7003670
7005193
7002309
7005245
6998843
6997459
7001113
7003492
6997642
6997776
7000900
7000633
6999302
7002257
7005879
6995967
7000325
6996952
7004635
7002611
6998561
6998505
7005275
7001085
7000413
6996212
6996763
6997648
7003106
7000228
7000688
7000921
7002195
6999122
6998094
7004605
6998350
7002517
7001575
6996619
7002695
7002736
6996449
7003119
7005436
7003730
7003617
7003775
7000421
6996603
6996856
7002723
6997742
7004922
7003124
7005150
6997158
7001819
6998972
7000455
6997142
7002353
6997778
7005174
6998793
7001555
7004947
6996495
7002578
7004409
7005883
7000867
7001205
6998655
6996531
7004150
7002262
7003625
7002192
6997759
7001596
6997191
7001541
7000293
7000426
7005414
7002204
7000644
7003071
7003103
7004955
6997045
6998235
7002319
7005550
7000583
6999966
7001395
7001302
7004287
7003426
7003876
6998037
7005395
7002571
6996502
6998294
7004286
7001858
7002792
6999491
7000671
7000848
7004099
7003474
7001647
6996209
6996632
6996219
7003217
6999063
6999646
7000412
6996147
7000190
7001631
6997743
7003794
6998982
7000176
6996006
7001513
6998572
7004663
6997094
6998383
7003810
6996936
7004643
7000452
6998269
7004306
7001453
6996344
7005807
6996880
7003342
6996415
7005719
7003683
7001919
6998288
7001728
7003178
7004207
6999449
7000060
6999942
6999421
7003742
6999274
7002738
6999836
7005485
7000660
6999275
6999517
7000524
7003201
6997164
7000794
7001101
7004405
6999968
6996953
7002238
7000598
7003790
7004143
6999901
7004755
7000787
7000595
6999989
6999411
7000200
7003604
6998099
6996660
6998881
6998768
6996274
7002872
7005171
6996460
7000050
7004435
7005372
7002501
6999043
7002816
7002808
7005782
7002146
6997264
7003820
7004776
6997155
7005031
6998681
6997288
7003302
6996319
6999041
7005073
7000709
7003662
7004117
7004685
7004715
6998714
7005476
6996981
6996312
7002283
7003230
7000057
6997799
7003787
6999838
7000970
6999206
7003599
7001107
6997737
7003838
7000475
7004542
6998753
7002021
7005575
6999810
7000201
7000637
7003245
7003861
6997628
6997945
6997320
6999111
6995964
7000073
6996574
6996925
7003618
6999520
6999684
7001947
7004291
7002953
6998937
7002259
7004393
6998548
7003134
7005635
7004507
6999045
6998193
6996150
7001599
6997496
7004447
7001343
6997634
7003877
6997601
7004558
7001529
7002648
7002218
6997190
6998755
7000347
6998262
7001988
6996733
7000392
6996445
7005649
7005410
6998780
6999386
6998882
7003142
7003409
7001731
6998589
7002689
7002233
6999090
6999862
7003032
7001965
6998575
7003719
7002406
7001332
7005854
7001663
7002870
7005252
6999826
6997008
7001833
7004124
7005422
6999112
7000442
7003609
6999855
7003029
7002500
6999467
7004098
6999350
6997626
6996096
7005301
7002384
7000782
6996747
6996066
7000019
7005082
6999175
6998325
6996250
7000094
6996812
7005537
6999151
6998921
6997500
6998039
6999212
6998470
7002795
7002176
6998440
6997627
7005110
7005827
6997744
6998460
6998788
7001439
7000407
6998229
7001588
7001100
6997893
6998803
7002877
7003056
7004620
7001528
7001624
7001069
6999208
6998837
6998075
7000339
6998611
6998951
7000836
6998587
6999788
7003738
6999693
7000642
7005286
6997949
7005606
7000740
7003841
6998932
6998410
7001781
6999807
7002666
6999948
7000281
7003801
7002389
6999638
6999012
7005503
7003862
7003042
7002042
6999591
7000010
7005853
7002524
6997917
7001480
6996985
7005618
6996755
6996826
7000541
6997692
6997143
7001605
7004168
6999266
7004527
6996139
7002117
6998101
7002005
7001225
7001229
6997379
6999177
7003435
6998366
7005633
6999882
6997919
6996575
7003844
6997555
7003318
7003576
7001782
6996771
7002246
7002428
7003445
6999016
7005636
7003884
7001050
7001742
7002336
7003868
6996266
7004369
7002889
6997767
7003503
7002018
7000161
6996710
7003837
7004625
7000206
7002800
6997314
7002376
6998537
6998873
6996365
7003436
7005665
7003161
7002703
7005651
7003757
6996024
6996477
7001185
7003828
7000157
7000838
7002810
6997090
7002842
6997873
6998799
6997765
6997108
7004113
7004209
6998490
7001841
7001556
7003477
7001876
7004570
6996362
7004153
7002149
6996071
7005309
6999002
7005023
6996595
7001150
6999872
7000772
7002890
7001214
7004298
7004798
7004641
6998746
6998415
6998990
7001357
6996902
6999960
7004693
6998989
7003207
6999707
6997725
6996858
7000795
6998152
6996776
6998917
6997025
6996306
7001024
7005384
7002503
7005480
7004638
7000472
6999505
7005346
7000845
7003983
7001868
7001288
7002983
7002414
7005448
6998112
6998473
6999065
6997208
6998651
6997940
6998863
7000777
7001930
7003961
6997534
7004734
7003650
7000021
7002508
7002620
7000730
7002221
7000086
6996982
7001706
6999741
7005486
6996159
7000846
6998082
7000774
7001846
6998822
7000620
7002287
7001078
7003129
6995920
6998662
7002606
6999501
7005811
6998482
6999171
7001750
6998688
7005592
7001471
6999817
7005677
7005459
6996532
7002372
6998730
6999939
7001577
6996631
7005256
7004346
6998983
6996480
7005380
7005145
6997346
7005167
7003907
6995900
6997443
6999773
7001764
7003073
7003614
7002729
6999240
6998297
7005679
7000164
6999179
7005498
7000964
7004339
7002779
6996484
6998449
6998352
6996796
7004443
7001720
7002465
6997259
7001422
6998984
7004097
6999346
7005796
7000340
6996049
7002168
7001112
6999425
7005404
6996033
7005319
6999389
7005639
6997663
6998382
6996957
7002741
7000640
6999560
7004135
7003781
6997491
7000248
6996945
7004786
6996907
6999884
6996189
7003231
7001933
6997858
7000949
7005285
6998901
6999493
6997325
7003816
6999144
7005734
6998336
6998891
7001000
7001749
6998096
7005243
7001246
7000056
6996593
6996979
7003475
6998622
7002702
7002589
7001799
7001543
7002989
7005800
6998472
7001690
7004679
6997124
7002038
7000226
7004781
6998273
7000167
6996861
7004348
7003070
7001739
6997276
7005543
6997666
6996577
6998670
7002419
6996294
6997521
7003458
7001294
6996482
7005541
6997631
6999607
6996570
7004726
7004010
7002996
6997451
7004562
6998805
6996960
6998177
7003727
7002679
7004301
6997768
7001845
7001685
6998144
7000159
6996615
7000666
6998736
6999767
6999318
6998585
7001542
7003581
7000484
7004764
6999745
7004048
6999844
6997099
6998945
7005482
7002941
7004731
6996541
7002180
7005168
7005013
7001879
6998660
6999508
7001909
7001978
7004191
7002304
6999908
6999629
7005130
7001832
7005093
6997186
6998578
7005624
6996402
7003410
7005818
7004414
6996691
7001783
7003830
7001299
7004263
7005137
6996412
6996401
6996481
6996420
7004774
6997672
6999539
7000075
6997540
6999307
7005509
7001585
7001863
6996578
6998002
7002887
6996724
7005002
7002628
6996106
6997125
7000171
6997378
6996515
7004930
6999633
6999541
7004578
7002090
7002041
6995946
7000508
7002152
6996237
7002475
6997365
6998842
6998397
6997549
7003637
7004472
7002056
6998649
6996180
7000046
6999172
6998422
7003991
7001319
6998418
7001494
7000693
7005333
6998086
7001242
7000534
7003459
7002125
6999371
6996000
7000175
6997813
6998544
7005131
7005452
6998930
7003075
7001270
7000230
7005106
7002000
7003538
6999413
7001932
7001985
6996092
6998859
7000490
7001906
6996114
6997582
7004653
7005024
7000279
7000291
6997780
7001702
7005423
6997805
7001434
7004730
7001186
7004162
7001092
6996169
7001734
6998487
6997073
7000705
6998013
6996852
7001642
7001230
7003891
6999995
6999124
7005025
6997598
7001017
6998248
7002215
7004345
7002202
7004062
7000913
7005281
7000555
7003724
6998574
6997076
6997218
7000208
7004349
6999349
6999150
7005312
7004021
6999271
7003404
6997656
7005743
7002598
7005684
6997149
7002153
6996472
7002496
7000917
6998214
7004787
6999857
7001241
6998386
7001211
7002727
7000612
7001358
7005516
7003853
6996804
6997528
6998997
6999105
7004194
7003578
7000371
6999336
6998766
7004769
6997920
7004627
7001784
6998980
6998831
7004202
7002313
7005280
6998781
7001836
7004749
6998823
6999153
7002438
6999221
7003024
7002907
7004994
7005417
7000309
6998345
6997238
7001403
6997152
6998029
7001194
7002819
7002568
6999226
7004294
6995989
7000556
7003306
6998789
6998777
7004751
7004247
7001693
6999234
7001913
7002350
6999526
7001880
7000438
7005399
6997985
6996393
6999630
6999700
6997723
7003880
7004881
7005578
7004391
6999461
7001724
6998939
7002177
6998419
7003723
6998338
7000211
6997409
7002178
7004031
7000317
7001885
7005046
7005389
6997131
7001808
6997281
7004936
6996693
7000756
7000357
6999332
7001449
6998565
7005265
6998995
7001594
6998894
7002588
6999937
7005058
7000689
6999756
7005522
7000341
7000989
7005456
6999549
7001062
7000223
7000237
6999828
7000463
6998970
6996630
6996800
7003229
7003587
6999667
7003364
7002446
7003422
6996153
6996612
6997800
7003791
7002796
7001515
7000128
7000393
6998703
7005861
7001415
7002471
7001098
7002220
7000241
7000781
6997964
7003228
7003943
6997872
7004271
6996648
7000365
6996067
6999622
7000734
7004727
7002900
7003755
7002388
6998318
7000683
7002798
6998909
6999648
6996075
7005833
7002338
7000582
7001628
7000009
6996116
7002559
7002058
7001240
6996167
7000750
7000054
7004616
7004757
7003284
7000552
7002985
7002240
6999433
7005332
6999728
7001776
7005596
6998148
7000967
7001253
6998955
6998207
6997676
7005857
7005045
6998880
7005495
7002360
7004126
7005762
6996920
7001560
7001295
7004836
6998178
7004093
6998011
6996267
7001765
7004815
6996611
7001653
6997947
7005203
6997681
7000629
7002784
6997716
7005192
7000030
6999888
7003326
7000104
6996352
7000101
7004087
7001945
7004893
6998293
7004929
6996333
7000796
7004732
6996399
6996955
7002046
7004020
6996376
7002346
7005845
7005720
7001103
6998926
6998712
6998724
6999364
7002036
7001365
7000002
7003510
6998090
7000296
7001561
7004222
6997046
6996055
7003343
7005712
7003339
7003351
7002357
6999462
6996510
6997825
6997150
7003094
7005640
6997199
7004979
6996069
7005068
7003150
7004100
7002410
7004986
7003786
6997097
7000653
7004314
7004828
6999315
7003301
7003703
7003232
6997758
7005221
6999981
7000958
7000395
6997341
7003827
7001042
7005086
7003748
6999286
7004357
7001394
6997463
7003495
6998179
7003522
7003673
7001326
6997036
6998342
7005388
7004909
7005199
6996206
7002955
7003953
7000779
7000810
6999299
6996115
7003927
7001680
6999752
6998771
6999643
7003363
6998779
7001141
7004288
6997753
7002105
6998157
6996349
6997328
7000506
6999682
6999341
7004944
6999343
7003020
7004013
7000491
7003911
7005453
6998113
7002223
6999057
7000567
7001282
7005766
7002873
6996967
6997988
6996164
6997042
7003713
7001707
7003225
6998865
7003191
7001408
6996867
7002624
6996041
7005156
6998015
7005358
7002364
7000652
7003025
6998569
6997389
6998070
7002992
6996142
7004419
6997667
7004340
6998960
7003123
6999674
6996231
7005696
6996175
6997904
6997543
6996279
7003900
7000881
6998743
7001558
6999742
6997159
6996082
7005587
7004683
7003807
6997154
7003105
7004696
7002717
6998545
7001274
7002822
6996389
7001158
7000628
7002402
7004811
7003571
7003770
7002820
7004057
6998035
7001470
7001960
6996928
7003936
6997442
7005656
6999955
7002754
7005533
6996819
7003200
6997411
6997293
7004056
7005673
6998664
7003526
7005608
7003636
6999373
6997397
7003374
6998428
7004704
7002730
7005361
7001399
6999891
7000024
7002279
7000368
7002378
6998098
7000466
6997249
7001430
6998657
6997067
7000662
7001432
7004278
6998225
6995952
6999852
6999806
6996261
6998141
6998212
7001630
7001859
7004104
7004316
7005687
7003039
7002591
7003845
7000007
7005798
7005017
7005642
7001755
6996803
6999626
7002412
7004795
6998245
6996719
6998738
6999311
6996669
7003531
6999531
7003354
6999167
6999397
7004808
7001431
6997040
6998150
6996651
7004800
6999599
7001891
7002660
7000885
7001065
6997833
6998583
7004280
7004892
7001710
7001648
7002030
6996172
6996549
6999204
7003758
6996721
7002100
7003811
6996847
6996433
7002512
7000636
6999847
7001234
6997197
6997972
6999033
7003682
6999959
6997708
7004915
6996099
6999993
7004917
7000936
7005455
6996201
7004531
6999244
7002806
7004157
6996539
7000523
7002976
7002580
7005101
6997589
7001795
6996821
7002401
6998908
7005632
7002550
6998847
7002752
6999561
7005009
7001162
7004867
7001013
7002830
6997886
6995981
6998890
7004305
7003623
7005443
7001290
6996553
7004647
7000797
7004429
7002538
7000121
7003271
7002654
7000723
6996284
6998001
7000156
7000358
7000135
6996923
7004110
7002239
6996709
7004003
7002352
7002197
7004054
6997597
6995969
7003152
7004063
6997522
7005644
6998784
6999438
7005867
7001429
7004239
7004916
6997530
7002917
6999409
7003185
6997163
6997851
7001987
6997668
6998826
6997079
7003058
7004670
7001311
7000198
7001476
6998290
7004181
7004029
6999428
6998998
6998149
7000951
7000800
6999490
7003113
7003511
6999992
6999228
6998380
7000038
6999516
7000944
6998557
6999821
6999184
6996594
6997566
6996605
7001463
7001283
7002203
6999931
6997180
7001896
7001359
7003523
6996909
7002762
7002245
6997110
7005795
7005220
6999359
6999876
6996103
7002631
7001711
7000851
7005427
6997195
7004974
7001733
6996166
7000189
7003718
7001448
7005178
7001291
7000883
7003340
7003737
6998947
7001507
6999190
6995962
7003716
7002504
7004864
6997295
7000436
6999594
6997300
7003290
7000297
6998330
7003047
6999779
7005826
7005884
6999791
6999495
7001209
7003675
7000609
7004985
7005396
7005077
6996840
7002366
6997034
7000579
7002474
6996300
7002791
7000501
7005055
7001646
7004969
7004225
7003654
7000561
7001247
7004884
6998017
7005175
6998488
7003227
6997084
7001052
7000068
6997633
7004968
7004982
7000331
6998085
6996834
7003529
7003824
6996692
7003504
7003136
7000497
7002074
7004622
7002256
7002348
6998240
7003499
6997921
7004976
7005054
6999139
6995930
7004913
6996860
6997298
6999008
7005582
7004436
6999500
7002060
7003463
6997539
7002531
6998783
7004270
7003805
7003479
7005222
6998374
6999137
7000111
6996186
7005589
7004220
7004360
7003397
6999401
7001521
6998111
7000535
7003577
7004145
6999917
6999048
7004534
6997952
7004240
7000698
6998228
6998819
6996486
7000479
6996629
6998379
7000798
7003151
7005505
6996184
6996303
7002099
7005315
6997098
6996127
6999504
6997808
6997189
6999811
6997228
7005063
6998206
7004373
6997383
6999469
7000724
7001747
7003559
7002405
6998467
6999681
6996843
6997593
6996779
7001586
6999574
6998128
7003585
6996302
7001759
7000374
6998598
6999200
6997235
7000871
6999156
7000366
6999899
6997888
6999082
7004463
7000017
6999967
6998333
7001352
6996526
6999138
7001121
7002308
6999097
6997926
7003362
6999269
6996736
7000934
7004284
6997734
6999178
7001741
6996409
7002977
7005416
7004587
7002958
6999143
6999956
6998576
7001611
7003762
7004088
7000214
6996263
7005204
7000940
7000369
6995949
6998190
7005466
7004445
7003842
6996076
6998398
7000515
6996559
7002570
7004938
6997400
7004136
7000855
7002170
7005239
7001190
7000978
6998319
6998234
6997726
7001336
6998242
7004386
6996793
6996010
7005159
7003329
7005788
6997168
7005184
7001752
7000806
7001737
6996996
7005777
6996366
6997871
6997613
6998530
7001140
7002864
7001025
7003147
6998331
6997136
6996898
6996497
6996815
6999665
7002623
7005323
6996650
6998175
7005246
7004223
7000819
6996781
7003594
7000105
6998708
6997551
6996802
7000768
7001117
7002755
6997797
7003552
7002834
7000245
7005359
6996165
7002235
6997000
7001388
7001996
7003992
6997670
7005376
6996083
6999604
6996239
7003847
7002764
6998956
6997440
7004185
7002743
6998427
7001953
7005000
6999609
6999432
7003832
7001963
7000078
7001033
6996740
7000036
6999160
7001109
7005052
6998220
7004265
6997697
7004887
6996454
7003638
6999797
7002266
6996173
6998658
6996652
7004759
6999260
7000334
7002576
7005652
6999714
7005822
6999786
7000736
6999618
7000654
7002987
6997991
6997224
6998900
6998816
6996354
6996756
7005701
7002803
7004292
7001602
7001068
6996537
6997882
6997153
7003469
7005556
7001758
7003406
7004745
7004173
6997606
6998916
7002322
7004452
7003852
7004246
7004577
7001955
6996207
7004606
6998272
7000617
7002749
7004375
7003501
7003588
7003875
7001650
6999666
6996680
6996685
7003433
6997996
6998967
7005658
6998485
7000344
7003375
7003014
7002323
7004720
7003054
6997602
6996716
7005487
7001044
7002640
7003729
7000103
7000903
7002665
6998432
6998413
7000492
7002485
6997973
7004544
6997547
6999519
6999418
6999961
6998116
6996638
7005059
7005347
7001444
7005062
6999716
6996345
6996126
6998203
7000825
7000381
6999034
7004351
7000511
7002638
7001472
6996001
6997877
7003211
6999777
7001817
6997493
7003752
6997436
6995986
7004526
7005524
6998479
7001908
6998654
7005661
6999711
7003297
7004488
6999930
7005266
6998032
7002271
6996506
7005838
6999279
7003044
7004880
7002031
7000765
6997579
6996002
7005872
6997273
7002671
7003389
7000033
6998471
6999321
7005072
6997941
7000668
6996416
7004984
6999213
6998896
6997821
7004293
6999174
6999921
6997763
7001009
6996829
6997829
7005836
7005835
7003427
6998102
7000632
7003873
6997372
7004481
6999305
6997078
7000005
6996410
6996795
7002747
7004024
7001634
7001278
7003293
7001181
6996576
6996152
7003773
7000040
7001249
7001174
7001873
6997983
7002555
6998839
7000188
6997226
7005425
7000744
6997431
7003954
7002050
6998876
6997629
7000183
6998914
7001667
7005258
7004421
6999264
6999944
7004482
6997057
6999645
7005216
6999238
6998573
7004242
7004228
7000539
7003917
6998239
6997502
6999337
6998524
7003125
7000766
7004049
6997563
7002143
6999086
7004433
7005747
7005051
7000428
6996034
7004939
6997421
7005641
6996989
6998835
6998904
6996252
6998253
6996369
7001468
6999567
7000712
6999064
7004206
7005128
6997729
6999289
7000503
7002367
6998787
6997384
6998396
6997741
6998942
7002191
7004644
6995984
7003822
7003550
7004362
7001456
6997760
7003287
7003848
6999233
6996498
7001546
6999431
7001411
7003674
7001622
7005467
7000707
6997827
6998764
7005366
7005869
6998570
6996700
6995985
7004825
6998455
7001486
7000396
7003672
7000414
7004453
6998059
7005585
7003766
7004540
7003569
6997289
7005070
7003947
7000969
7002334
6996036
7004750
7002230
6999324
6996008
6998871
7001531
7003223
6996545
6999834
7005161
7005704
6998261
7003537
6999374
6999092
7003081
7004838
7003394
7002432
6996072
7000380
7003871
7001964
6999078
7001967
6996639
7005451
6996579
6996965
7003850
7000590
6999846
7002818
7002093
6997895
7001126
7002715
7005205
7002076
6998502
6996608
6996208
7002994
7005442
7005628
6997156
7000977
7001991
7003181
6998142
6998840
7004171
7002145
7000408
6999864
7004568
6999357
7005307
6998219
7000319
6999911
7002597
7002186
6998740
6998377
7000070
7005890
7001248
7000665
7003734
7001730
6997870
6997610
7000898
6996520
6998280
7003114
7004114
6995905
7002439
6997342
6997687
6998808
6997665
6999132
7004575
7003800
7002836
7004102
7005526
7002875
7003210
7001938
7002618
6999383
7005820
7002421
6999975
6998459
7004350
6996609
6996494
7005787
7003933
6997655
7003997
7001666
6997567
6997769
6996811
7001902
6998192
7003278
7000720
7004058
6999474
7003534
6995982
7005374
6997605
7004096
7003471
7002603
7001567
6996470
6996383
7002610
7000952
7001216
7003506
7000842
6997577
7001423
7004413
7003202
7005304
6997586
7001041
7000478
7002248
7002079
6997562
7002227
7001367
7002774
7004612
7000352
6998802
7004119
7005622
7003863
7003127
7005293
7000327
6996372
7005887
6996435
7004308
6998760
7004852
6996463
7004383
6996921
7002728
6999909
6999525
7001538
7002354
7002813
6998718
7002546
7000735
7003370
6996017
7000839
7005345
6999080
7003535
7000286
7005041
7004289
6999161
7000137
7001366
7000721
6997117
6997029
7005613
7004461
7002899
7003392
7005316
6999183
6999017
6998679
6997680
7004567
7001080
7004966
7004883
6997657
6998618
7001243
7000269
6998637
7003100
7004428
7001890
7001036
7003995
6998349
7002461
6997662
6995912
7002964
6996032
7004675
7005147
7002489
6996715
6998367
7003451
7001188
7000093
7000031
7004352
7003159
7001355
7004866
7002694
7004590
7004103
6997019
7003708
6996589
7003360
6997486
6998499
7004311
7003352
6997980
7001897
7001327
6998535
6997261
7001951
7005531
6999616
6996845
6996244
6996842
7000516
6997554
7005551
6999407
6996554
6996853
7004861
7004906
6996636
6999583
6997574
6996361
7001328
6999489
7000896
7005678
6998663
6998357
6998038
7005251
7000382
7001356
6997839
6998562
6998165
7001441
7005001
7000804
7005360
7005027
7003921
7001504
7005143
7004876
7001570
6999625
7004267
6996942
7004372
7001443
7003074
6996132
6999487
7003813
7000703
7003653
6997992
7000887
6997184
6998052
6996832
7001994
7002569
6998392
6998744
7000638
6996377
7005290
7004236
7004763
7002200
7001608
6997367
7003753
7000082
6998874
7005730
7003818
6999748
6997785
7003377
7003041
7001424
7002548
6998860
7004480
6995998
6997816
7000113
6999805
7005831
7000789
7000820
7000993
6998600
6999378
7004714
6998275
6998324
6996121
7001142
7000026
7005530
6996540
6996958
7001120
7000267
6998021
7000512
6998443
6996683
7002617
6996391
6999007
6996768
6999562
6996922
7001927
7002536
7001364
7002612
7004537
6997444
6999247
6998632
7004949
6995976
6996236
6996293
6996892
7000557
6998363
6999725
6999913
7004047
7003680
7002351
6997333
7001559
6997532
7004132
6999429
7003750
6997113
7003855
7002455
7000581
7001384
7001918
7001220
7001813
7002644
7000397
7002126
6996688
6999207
7002033
7003915
6996507
6997280
7002629
6996335
6999750
7002040
6998172
7001163
6998284
6996888
7003428
6997282
6998613
7002645
6998778
6998300
6997835
6996772
6997049
7000737
6996297
6998774
7000494
6998962
6996684
7000682
6999999
7001123
7000702
7001138
6998800
6997747
6995907
7002516
7005321
6998163
7005501
7004385
6999303
7003282
6997720
7003746
7005765
6998546
7000502
7002294
6996503
7003400
6996320
6998722
7003659
7001417
7005611
7002273
6999258
6996598
7003749
6998351
6999075
7004911
7005116
7005016
6998906
7002956
6999375
7000831
6999662
6997455
7000409
7000695
6998877
6998564
6999639
6997841
6999484
7001239
6996813
6996582
6999025
6998973
7004767
7001618
6996465
6996194
7004554
7002981
6998558
7004071
6995933
6999582
7004365
6996924
7000884
7001661
7001915
7003405
7005176
7000728
7001853
7004158
6997385
6996492
7004664
6999831
7001573
7002325
6999590
7000868
7000488
6998180
7001762
6996255
6999503
6996085
7002686
7002991
7002532
7005135
7005634
7004648
7002297
6999459
6998807
6997847
7000141
6999129
6998834
7005462
7002593
6998855
6997790
7004250
6996592
7002831
7002763
6998940
7002807
7002929
6999020
7005786
6999925
6999800
7004036
6998532
7003050
6996868
6998719
7000907
7005602
7000828
7000596
7000216
7004603
7003057
7003478
6997832
6998754
7004645
7005655
7000310
6999340
7004785
7005657
7005134
6998915
7004500
7004190
7005559
6997269
7001166
7003164
6996682
7005238
6999865
7005751
7003591
6999454
7005742
6998568
6996571
7000684
7003172
7001802
6999953
6996564
7001360
7003779
7001340
7003043
7003797
7002669
7005464
6999114
7000918
7003920
7000988
6998054
6999044
6999465
6998968
6996328
7000239
6995997
7004553
7003198
7004400
6999602
7004444
7003621
6996235
7005650
6998337
7002315
7001082
7004216
6999652
7003642
6999304
6998579
6996488
7005075
6999103
7000947
6996581
6997360
6998734
7004797
6997145
6997267
7001392
7002781
6996350
7003120
7005439
7003881
7004426
6996392
6996307
7005860
7002970
7004466
6997263
7002147
7005242
6997174
6999573
7002006
7004106
6996232
7000399
6998145
6997326
6999672
7004043
7004084
6997915
7005623
7003333
7003348
7002965
7001276
7001496
6997233
7003726
6998733
6998503
6997175
6996489
7001534
6996455
7001479
7003615
7002008
7005813
7002374
7000937
7001350
7002459
7000631
7000959
6997339
6996910
7003908
6996249
6997183
7002544
7003482
6997126
6998408
6998981
6997244
7004765
7005048
7000675
7000356
7003542
7005365
7001297
6997172
7002708
7004518
6999422
6997216
7005584
7002134
7001576
7004623
7002950
7000659
6998107
6997387
7000966
6997020
6999015
6999344
7005534
7000611
7005468
6999570
7005689
7005776
7004412
6995924
7003656
7001269
7004793
7002812
7000563
7003544
7001313
6996990
6998167
6996151
7003612
6997802
7005419
7001148
7002947
7001131
7002155
7003337
7003839
6999952
6996037
6996012
7005033
6997390
6996879
7001571
6999272
6998000
7005663
6998057
6998888
7002918
7004752
7004091
7004950
6996241
7000152
6996118
6999550
6997728
7001153
7000549
7005142
7001267
7001844
7000630
7000813
7003187
7001001
7003502
7002707
7001218
7001910
7002863
6998829
7005573
7005781
7005327
6998596
7000013
6999083
7003194
7004999
6997791
7004684
6996020
7005692
7000564
7000448
6995916
7001524
7004359
7001941
6999098
6996281
6999977
6997414
7005420
7001777
6998198
6998867
7001601
6999647
6999713
6996749
7004678
6999823
7000939
7001145
6999938
7000240
7005401
6996398
7004214
6997831
6996439
7003593
6999933
6996601
6996584
7002302
6996056
7003647
7001197
6998088
7002165
7003968
7000499
7002585
6998697
6996380
6996825
6996939
7001071
7000272
6999830
7003441
6998425
7000282
7005601
7004743
6997736
6998154
6999361
6999660
7000717
7001087
6997771
6997123
7000306
7005612
6999042
7004050
7000238
6998551
7002925
7002843
6998639
7002007
7001182
7000345
7004122
7005577
7003257
6998028
7005371
7002921
6997899
7003678
6998671
6997290
7004784
6999511
6999623
7003744
7000718
7000470
7001793
6997843
7004510
7002761
7005087
6998164
7004361
7005195
7002326
7000544
6996653
7003091
7002683
7001935
6999110
7005348
7002108
6997465
7001027
6996387
6999740
6996591
6996717
7000268
6999242
7001151
7001659
7001551
7005839
7000938
7004981
6996091
6996102
7002288
7005438
6999412
6998549
6999686
7000685
7003856
6996822
6996311
7003263
6996379
7001548
6995991
7002207
6998571
7000295
6996438
6996667
6996062
6996573
7000462
7004839
7004283
7002078
6998720
7004686
7005207
6996458
7005580
7000114
7002874
7005212
7004688
7002634
7000338
6998238
7001643
7004279
7002997
7003913
7000427
6998769
6996933
7000643
7000435
6996277
7001681
6999878
7002586
7005390
7001954
6997055
7005873
6999211
7001744
7002417
7003235
7004258
7003234
6997688
7002928
6996023
7003849
6996897
7004511
7003769
7003396
6999455
7005512
6998044
6998359
7004248
6997865
7005217
6999892
6997961
6997047
7004801
6996264
7004928
6996278
7000187
7002646
6996534
7001393
6996128
7005060
7002430
7002821
7001152
6996359
7003507
6996980
6997332
7002787
7000808
7003939
7001461
7001812
6996974
7000931
6999187
7004934
6999058
7004487
7002399
6997787
6999547
6997711
6997309
6996723
6997781
7002817
7004131
6996814
6997405
7000219
7005713
7005561
7002657
6998887
6999410
7000320
7001931
7003013
7002144
7004536
7000287
7000379
7002320
6999390
7000518
6998672
7002270
7003250
6997202
7000923
6998353
7002476
6997519
6996233
7000869
6999182
7003093
6999528
6999694
7004382
6998806
7003498
6996948
7002773
7001495
6999420
7003330
7001198
7001651
6996637
6996156
6998089
7001785
7000973
7004478
7001993
7004918
6996527
7000550
6995894
7004649
7000231
7004581
7003976
7003381
7003460
6999067
6998339
6999774
7004608
6998434
6997059
6997277
7000854
6997690
7000323
6999022
6998510
7002229
7002358
6996509
7002253
6998448
7002746
6997250
7000044
7005061
6997695
7004903
7003213
7004803
7001875
6999751
7001995
6998411
7004514
7000894
7005354
6998588
7004512
7003087
7005794
7002608
6999215
7000274
6997286
7004080
7000771
6999128
6996282
6997819
7004783
6999219
7001287
7002067
7003973
7001852
6998869
7005570
6999596
6996807
6999486
6996522
6997285
7001482
6996285
7000858
7000253
7004925
6996846
6996859
7004378
7002502
7001815
6996927
7002330
7004604
7002487
6997424
6996705
7001462
7003320
7004037
7001678
7005705
7004151
7005310
7005698
6997198
7001763
7004807
6996670
7001067
7002825
6996187
7001309
7003520
6999387
6999542
6999180
7001604
7000337
6999485
6999969
6997550
6998435
7003055
7004698
7001200
7004543
7003960
7004827
6996865
7005594
7003006
7001998
7001619
7002904
6997976
6996170
7001641
7003128
7003584
6996031
6996778
6996702
6999690
7004525
7001823
7000899
6996148
7001794
6999084
6996215
7000530
6996342
6996434
7000809
6999192
7004621
7002959
6998087
7004588
6997305
7000473
7000812
7003446
6999445
7000107
6999595
7002888
7000832
7004282
6999799
6999606
6998563
6996203
6996400
7005660
7004178
7002662
7001212
7003045
7004217
6996442
6998196
6998668
7001401
6996058
7000585
6996642
7004626
6999820
7000336
7002201
6997268
6996661
6996287
7005849
6999169
7000733
7000308
6999709
7005654
7005201
7004868
7005802
7005564
6999902
6996820
7000227
6999095
7005700
7005261
6997993
7000863
7005583
7002371
7005095
6996018
6998496
7005824
6998979
7005843
7001261
6996273
7002518
7000215
6998715
7004719
7004503
6998728
6998686
7000513
6999102
6996961
7000732
6995938
6997604
7002068
6997958
7003432
7004733
7001157
6996323
7003990
6998456
7003735
6999163
7003315
6995959
7004707
6997724
6997146
6997416
7000700
6997891
6999218
7005841
6998885
7001043
7003972
6997317
7000129
7001512
7001878
7004742
7001591
6998684
7001337
6998442
7004072
7002944
6998912
6997270
7003987
7005394
7003110
6999250
6998870
7003657
6999052
7005344
7003382
7000302
7001341
7000551
6999365
6999217
6999446
6999701
7000273
6996317
6997089
6997942
6999566
6996450
7001920
6999832
7003586
7000251
6997511
6997452
6999296
6996009
7005237
7000807
6999248
6998542
6999456
7003751
7004529
6999649
7005111
7001137
6997564
7002222
6996614
7002382
7005504
6997058
7005775
6996396
7002809
6998241
7001222
7004022
6999062
7001426
6998370
7003030
7003462
7004023
7002156
7003060
7001115
7003823
6999496
7000288
6998445
6996309
6998484
6999637
7001091
6998846
7003643
7003171
7000142
7003508
7001375
7005772
6996999
7002422
6999920
7002602
6999803
6996775
6997600
7004367
7004611
7002362
6997441
6997371
7003401
7003324
7000301
7000981
7000405
6996686
6999619
7001553
6998126
7005121
7001657
7003999
7005483
7001146
7000968
7004779
7001516
6997494
7000572
6998856
6998423
7002879
7001035
7005484
7004564
6996798
7000775
7004170
6996063
6996872
6997214
7001613
7003649
6999900
7003007
7003450
6997594
6997909
6997997
6996330
6996877
6997510
7002709
7000445
7003102
7005398
6996364
7005183
7000663
7000450
7000614
7000480
7000065
7001334
6996563
7002448
7000504
6997733
6996272
6999708
7000647
7002852
7004272
6998406
7004599
6996112
6999723
6999000
7004389
7004871
7004273
6998287
7000604
6996533
7002272
6999127
6997794
7002949
7004584
7005667
6998824
7003896
6996256
6996806
6997590
7001420
6997035
7000425
7005681
7003602
6998354
7003971
7002651
6996973
7000960
6997403
7005886
6997653
7001011
7000180
7001645
7002688
6997650
7001187
7001330
7004439
7000242
7004229
7003442
7001105
6998289
6996753
7005738
6995937
7002903
7004711
7002004
7003774
6996672
7005780
7000400
7000933
6997236
7003036
7005043
6997229
7001831
6998123
6997752
7001779
7002128
6999580
6998644
7005630
7001806
6998400
6996079
6999764
6995971
7002968
7000263
6997490
7002464
7002379
7002896
7000467
7005387
6998233
7004402
6996929
6999423
7003031
6995914
6998849
7002902
7001280
7003993
7003821
7003067
6997188
7003937
7002337
6996356
6996192
6997140
7004295
7002853
7004315
6997890
6996251
6997641
7000028
6996348
7005153
6999978
7003121
6997497
7002837
7000656
6998689
6999746
6999476
6997179
7000897
6997535
7001433
6999778
7002444
6998507
7002369
7001273
6998907
6997205
7005569
7002473
7000562
6997066
7002106
7001768
7005092
7000645
6998804
7002175
7004318
7005571
6996585
6998309
7001167
6998801
7003590
6998072
7000714
6997584
7004957
7004486
6999376
7002190
6996712
6998127
6998041
7005351
7000919
6997874
6999479
6996146
7005668
7002827
7000697
7005727
7001565
7005840
7000250
6997798
6999236
7001008
7001445
7004935
7005746
7003132
6996016
6997210
7005334
7001406
6996959
6999115
6996837
7003965
7000416
6996975
7001539
7002375
6997826
6997127
6999987
7000991
7002142
7000963
6998641
6996542
7002427
6998974
7001956
7001160
7001452
7002674
6996098
6997792
6999100
6999298
6998669
6997086
7002478
6997867
6997069
7002522
7003109
7005403
7002926
7001999
6997619
7002328
6998519
7003622
7005536
7003035
7002252
7004310
6999780
6997296
7004397
7003196
7000468
7000006
7002483
6999943
7002934
6995896
7002027
7004681
6999155
6996580
7002443
7003496
7004729
7005711
7005284
7005011
7002627
6996903
6996304
7003628
7000047
7000027
6998124
7004762
7003118
7004183
6996357
7003092
7004227
7004674
7004692
7004159
7003467
6995931
7000271
7004152
6999101
7002024
6999085
7000389
7000430
6998003
7003867
7002123
7005717
7001934
6998699
6995979
6999322
7000221
7003274
7002952
6999587
6998531
7000945
7005179
7003344
7003512
7003771
7000122
7002454
7005022
6997560
7001822
7004535
6997304
6996217
7003796
7002467
7001721
6999013
6998727
7004079
7002062
6997370
6999509
7000719
7001095
7001872
7005825
6997396
7000994
6998919
6995913
7002655
6999447
6998533
6996969
6999047
6999620
7002303
6998056
7005586
7004728
6998115
7003327
7003005
7003452
6997230
7002077
7003687
6997483
6997449
7000650
7003826
6997669
6995994
6997970
6996977
6998437
7003358
6998704
7000710
6996508
7002026
6996625
7000018
7002785
6998436
6997495
6999370
6999283
6997187
6996109
7000864
6997093
7002213
7003487
6999257
6998334
7004980
7003156
6995960
6998018
7002649
6997239
7004958
7004483
6998976
7001487
6998763
7004175
7005619
6997982
7002480
6998257
7005234
7000041
7005749
6998299
7001348
6998850
7005557
6997425
7003720
7001814
7001864
6998222
7000754
7001029
7005368
6997361
6998582
7003393
7005289
7004703
7003768
7003545
7003061
6998046
6996727
7003904
7002768
6999829
6998791
7001032
7002014
6999366
6997782
6999188
6998160
7005688
7004192
7002972
7001074
6997399
7003632
7001800
6996310
6998701
7000711
6998493
6998559
7004041
6997583
6996005
7004464
7005778
6999755
7000742
6998205
7004076
7001713
7004791
6999130
6999775
6996397
6999263
7001002
6997479
7001206
7001810
6999133
6999794
7000257
6998638
6995921
6997406
7005659
7004556
6997901
7005645
7002711
6996994
7005500
7005620
7005648
6997762
6999603
7000136
6996919
7005444
6999220
7002722
6996941
7001983
7002335
7000955
6998453
7002113
7002188
6996275
7003903
6999162
6998079
7000204
7005694
6996258
7001161
7004522
6999524
7005434
7001514
6997880
7005133
6997015
6997803
7002573
7005558
7003497
7001877
7000108
7001767
7003985
7003292
6996788
7005638
7004639
7004824
6999507
6999369
6997144
6996090
7003664
6998329
7001060
7004107
6999030
7002361
7005710
6996734
7004285
7004230
7002659
6998677
7001210
6999113
7000906
7000538
6998458
7001458
7004381
7001114
7004563
7005548
7003247
7003173
6996224
7005342
6998731
7005878
6999809
7002285
6999334
7004579
7005108
7003705
7005084
6996341
6996431
7003291
6998511
7002839
7002219
6998866
7005797
6999676
7005138
6999765
6999894
7003476
7004015
6996248
6998022
7003840
7003256
6996963
6998953
6996473
7004251
7005643
7002554
7002226
7002136
6999759
6999895
7002642
7003630
7000576
6997283
6999678
6997446
7005047
6999698
7004320
7002777
6998732
7004919
7001314
7004859
7003355
7004123
6997054
7004059
6997423
7001119
7000124
7000648
6999673
7001144
7003253
6998202
6997085
7003693
7001827
6997196
6997925
7004331
7002906
7002150
7002713
7005152
7004501
7004898
6997302
7005615
7004953
6997265
6997433
7001735
7003878
7005685
6997100
7004408
6997359
7004768
6997995
7000686
7001590
7004004
6996007
7003886
7001698
7002905
7002081
6996210
7004987
6999060
6998957
7003037
6996327
6998817
6999703
7003097
6998830
7003575
6999558
7005614
7002957
7004005
7005737
6997565
7001457
7004844
6998317
7004017
7004356
7004304
7002583
7000829
7005856
6998475
7002009
6999893
6998097
7003004
7003894
7003702
7005597
6996384
7000849
6998723
7004524
6998491
6999427
7005029
6997044
7003455
7002161
6997118
6998853
6997863
6996864
6998254
7000882
7000902
7003776
6997649
6998767
7005489
6996833
7000290
7003916
7004954
6997712
7003548
6997070
6998246
7004964
6997171
7004085
6999871
7004276
7003215
7000571
6997291
6996664
6999426
7001961
7004799
7001485
7003012
7003275
7005283
7004252
6999840
7004008
6997959
6997693
7003688
7002690
7000680
6996080
7000212
6999223
6997247
7001475
7002935
6997984
6997772
6997588
7004140
6998139
6999954
7004342
6998071
6996646
6997722
6998495
7005542
6997130
6997437
7002001
6999245
7005042
6996993
7001481
7003233
7004127
7002579
7001562
7001130
6995956
7002861
7002973
6999760
7004546
7003709
7005520
7002993
7003547
6995939
7001944
6997607
6997900
6995925
6996060
6997647
7001676
7001940
6996496
7000127
6996839
7000946
7003660
7002780
6996799
7004515
6997193
6997632
7000256
7000061
6997375
6996644
7004454
6996198
7002499
7001982
6998621
6999408
6997673
7002636
7004545
7001308
7000926
6998136
7000085
7004146
7003857
6997603
7004070
7002278
7003308
6997353
6998156
7004659
7002641
7002725
7005188
6998344
7001039
6997006
7002858
6996155
6997340
7004573
7000591
6999028
6996213
7004074
7004819
7005552
7004366
7001892
7002999
7002998
6998833
6996182
7004589
7004204
7000997
6997616
6998433
7001769
7004961
6997200
7005855
7004858
6999107
7002291
7000674
7000699
6999170
6999419
7003317
6997472
6997823
6995917
6996634
6997014
6996178
7001256
7002951
6997489
6996566
6999339
7004896
7001224
6999719
6997664
7005474
7003978
7003236
7000759
6999355
6999483
7002151
6996787
7000586
6999521
7003517
7003929
6997916
7002298
7005329
7001258
6998512
7002493
6997572
7000593
7005815
7000252
7005115
6997429
6995996
7005364
6997894
7000049
6998389
6998390
7003945
6996816
7005317
7003792
7001342
7001532
7004650
6996190
6999038
7001883
6997331
7002721
6996590
6999040
7003756
6999497
7004891
6998267
7001977
7001028
7001066
6998431
6996065
7000976
7003899
6999148
7003015
7002892
7002254
6997935
7000289
7000482
7005126
7003252
6997536
6998705
7005441
7001682
6998923
6997971
6999634
6998155
7003034
6996992
7004129
6996668
7005412
7005089
6999400
7001446
7002437
7002706
7003419
6999292
7005035
7004423
7000890
7000844
7001549
6999164
7003144
7001997
7001213
6997578
7001064
7004427
7000390
6998946
7003711
7004094
6997201
7003457
6999896
7001215
7001526
6998306
7002558
7000386
6996930
7000911
6996073
7005729
6997864
6996228
7000342
7002470
7003314
6996183
6998194
6999631
6998501
7003725
7002196
6996137
7002442
7001729
7001984
7003819
6996308
6998378
6999241
7000888
7002561
7002859
6996801
7000330
6998174
7005791
6996260
7000444
6996043
7003540
6996707
6996411
6998341
6998132
7000676
6996562
7005600
7005172
6997875
7000443
7002860
6996188
7005554
6997975
6996968
7001736
6999089
7003645
7000912
7002051
6999154
7001398
6998665
6997707
7004652
6997266
6999575
6996444
7000096
6999076
7002592
7005686
6999464
7000741
7005830
7001473
7004571
7005803
7001180
7002307
6997037
7001687
7005282
7005028
7004418
7000861
6996606
7000895
6996019
7000258
7002986
6999230
6997321
7005330
7000619
7003485
7003269
6996476
7002770
6997527
7005230
7000954
7002466
6997777
6997937
7000035
7005170
7003053
6996743
6996817
7004615
7000498
7005076
6996339
6998050
6998770
7000066
6997373
7001593
7004233
7002922
6998323
7000670
7005260
7000889
7003296
7001566
7000767
7003554
7005132
6999070
6999873
7001317
6998717
7003192
7002052
7003596
7001268
7000205
7003765
7000584
7001668
6998698
6999222
7005306
6996218
6996129
7001884
6996259
7001899
7001753
7000181
7000565
6999845
7005259
7003887
7000941
6999291
7004863
7002696
7002835
6997258
7003033
7002718
7004673
7003528
7004835
7003555
7001437
7004148
6999014
6999518
7001236
6998538
7005881
7005158
6996291
7005166
7003169
7003935
7001304
6998506
6998391
7003665
7003010
6998624
7005211
6999050
7001697
7000859
6996988
7005739
7005463
6999417
7002898
6999494
6999402
7000999
7004550
6998556
6998567
7004497
7002609
7003923
7003294
7000173
7000755
6998121
6996360
7004965
7001554
7001976
7002605
6997351
7002545
7001921
6996588
7004920
7005099
6997761
7004417
7004327
6998005
7004963
7002530
6997746
7001855
7005496
7000333
6995929
7000514
7005081
6996104
6997643
6997468
6996836
6998757
6997141
6998648
7002625
7001719
6998025
7004092
7000419
7001658
7003350
6996794
7004970
7001014
7001850
7002506
6999436
6998243
7003437
6996745
7002263
7003865
7001916
6998259
6998476
6999306
6995899
6998414
6996827
6998093
7001826
6996889
6998517
6996838
7005666
6995935
6998403
7005475
6996394
7003418
7003722
7003754
7001208
7002084
6997933
7001914
7002678
7002137
7004011
7004760
7003825
7000280
7001349
7000299
7002920
6998010
7003002
7004420
7002411
7004484
7003402
6995963
7005225
7005477
7001957
7002566
6996130
7001595
7001842
6996530
7004610
6997394
7003869
7003143
7001746
6996767
6997930
7004710
7005809
7004179
7003763
6995934
6998729
7003303
7000353
7004740
6997637
7004951
7004691
7000872
6996954
7003910
6998577
7002543
7002526
6997220
7005357
6997364
7004205
6998862
6999198
6997885
7004451
6998399
7001195
7002942
6998756
7002484
7003149
7002469
6997622
7004449
7005553
7001686
7003952
7003064
6999498
7004921
6996972
7001958
7000118
6999926
7004044
6995910
7005593
6996253
6998996
7000000
6996329
7000533
7002261
7001419
6999453
7000305
6998694
6999729
6996367
7002549
7005446
6995942
7000115
7000053
7000032
7002962
7005871
6998371
7005532
6996881
7003809
7004491
7002828
6996185
6998355
6998636
7003299
6996466
6996766
7000908
7000880
6999077
6997169
7003197
7003741
7004596
6999997
7000292
7004149
6997003
7003806
7003316
7005362
7005604
7004618
7000904
7000865
6997048
7002457
7003131
7002930
6996378
6997675
7001063
6999506
7003525
7001639
6996764
7001410
6996504
7004448
7004826
6996789
6998911
7001903
6997775
7002292
6996432
7005318
6999669
7005763
7001656
7000477
7005538
6998073
7001520
7002383
7001235
7004614
7005814
6997795
6998335
7002635
7003658
7002735
6998402
7004528
7005407
7001196
6997022
7005411
7002048
6999458
6998125
6999837
7002767
7003108
7000354
7001391
6995944
7002363
7000209
7003416
6998364
7003261
7004831
7001335
6999577
7003183
7000143
6996270
7003018
6999256
7004441
7003373
6999185
7002868
6999268
7000300
6996876
6996887
6997503
7003782
6997478
6997541
6999859
7001751
6998515
6998606
7000217
7000834
6998581
6998426
7003168
7004897
7005493
7004269
7000023
7001695
7001318
7002013
6998792
6996586
6996641
6999822
6998809
6998042
7004830
6998646
7003893
7000045
7000803
7004837
6996797
7005875
7003195
6999193
7003613
7000592
6998009
7002193
6998966
7005697
7001320
7003154
7002316
7000148
7004766
7005202
7002744
6996628
7004137
6996026
7005103
6998625
6999612
7003079
7001047
7001128
7002511
7001578
6998993
7001587
6996358
6997504
6999624
7004224
6999738
7002020
6998195
7005254
6996697
7000266
7001020
6997987
6998199
6999787
7001501
6996068
6996395
6995990
6998188
7002426
6997065
6996154
6996318
6999792
6997299
7005603
7001396
6999839
6996406
7003982
7002158
6998173
6999724
6996635
6999513
7004910
7004822
6997682
7002680
7004189
6997165
7001026
6999225
7002737
7004167
7005702
6997686
6997881
7005194
6996265
7001828
7001061
6997524
7003533
6998938
6998899
7005695
6998067
7003139
7001414
6997580
6998612
7003759
6999860
7000489
6999979
7004133
7000758
7004368
7000134
6998224
6996572
7003484
7000349
7004082
6997966
7004845
7003957
7004045
6997849
6996447
6999946
7000891
7003160
7003815
7004804
6996057
7000701
6999072
7000207
6997845
6996862
6997587
7003466
7000116
6998959
7002343
7001438
6997853
7002575
7000080
7005157
7002394
7004952
6998700
6997323
6999381
7003322
6999538
7003931
7000072
7002053
7001692
6998296
6997343
6999297
6996028
7004219
7002849
7001694
6997318
7005806
7002826
7005672
7003568
7005882
7003273
7001796
7000424
6997544
7005326
7004336
6999727
7004197
6999856
6999482
7003793
7003376
7005863
7001383
6998117
6999347
6997951
7004878
7002990
6996425
6997275
6996706
7005279
7004973
7003082
6998076
7002449
7005353
6998775
7002047
7003016
6996841
7000625
7001974
6996640
6995954
7000481
7005308
6998661
7002565
7004820
7005373
7004462
6997931
6998702
7001159
7003690
7003453
7002895
7005497
6996205
7000131
6999295
7003974
7005858
6997514
7003069
6996894
7002756
6998693
7004879
7004499
7001238
7000071
7001843
7005460
7000140
7003347
7004261
6997998
7004326
6998283
7005560
7005120
7005214
6998385
7004902
6996193
6998810
6998886
7005774
6996689
7005088
6998652
7000069
6999099
7003969
7000145
7002814
6998409
6998905
7000986
6998692
6996054
7004792
6997824
7001221
7003676
6997646
7005241
7000151
7002901
7001262
6996326
7004078
6999194
7002726
7001797
7005146
6999732
7005233
7005003
6997989
7001511
7004404
7002274
7000878
6999073
7004741
6998055
6999692
6996543
6998264
7005832
6999762
7001655
7002391
7002599
7003414
7002841
6999605
7000324
6999782
7001147
6997654
6999842
7001387
7001111
6998036
6998610
6996405
7002311
6998430
7003199
6997401
7000422
7001030
7002289
7004403
6998451
7001293
6997715
6997377
6997818
7004055
6999261
6999452
7000623
6998534
7003984
7000172
6996761
7003242
6996105
7001054
7005181
7001301
7005576
7001773
6997817
7000818
7005338
7002409
6998634
7004038
7004201
7004125
7001277
6997545
7004343
7003707
7001508
6997420
7005328
7004708
6998586
6998308
7000783
7000119
7004307
7003514
6996138
6999880
7004479
7003003
7002672
7002157
7004450
6999796
7000599
7001263
7004490
6997548
6996325
7004262
7002759
7000165
7004380
6998852
6998083
7005770
7005752
7004816
6997754
7002815
6999697
7002551
7001952
6998786
7001046
7000706
6998845
6998252
7001637
6997783
7003444
6999159
6998016
6996770
7005074
7004532
6996271
7003563
7000840
7000635
6999450
7002073
6997750
6998892
