10000
2434380
2441681
2440970
2435258
2439862
2437825
2438931
2434726
2436798
2439351
2439875
2440109
2436391
2436244
2437900
2442497
2442386
2437540
2437963
2434190
2434531
2440829
2443377
2436613
2442706
2433628
2436026
2434431
2437200
2435535
2435409
2438953
2442067
2435849
2434955
2442035
2438208
2435154
2442201
2440758
2435051
2434009
2441826
2439752
2439991
2442848
2433633
2437303
2439516
2436748
2434237
2441067
2433934
2439853
2440151
2435920
2436563
2436421
2436263
2433699
2437172
2433629
2436831
2442736
2435173
2442390
2437695
2440136
2440807
2438633
2438278
2437721
2440704
2438384
2433993
2438541
2434016
2437566
2439689
2439984
2443040
2443249
2439126
2436310
2434106
2436045
2439681
2439224
2441560
2437353
2434528
2433945
2438684
2439999
2434925
2440609
2437007
2440212
2442404
2438345
2440673
2438934
2440056
2442798
2441184
2442063
2442027
2437958
2440513
2443289
2435142
2436542
2434750
2435157
2442895
2440684
2441803
2441657
2437025
2435998
2436743
2433848
2436620
2434289
2440044
2436183
2433474
2435331
2433886
2442601
2440458
2443174
2439742
2439687
2437080
2437742
2438694
2435713
2441735
2439570
2442465
2439400
2441675
2442394
2441894
2434045
2440427
2441636
2443393
2441389
2440767
2437304
2438033
2440501
2434961
2433779
2433536
2441287
2433593
2438185
2439270
2434112
2442955
2439058
2440000
2437318
2433763
2440252
2439786
2437507
2434835
2435957
2440761
2441631
2437255
2436558
2440850
2441052
2439981
2439429
2436608
2433884
2438247
2440655
2436956
2442287
2438671
2435778
2439670
2434534
2437239
2440342
2433991
2440570
2436621
2440047
2435398
2437060
2438892
2434541
2441060
2433856
2441210
2436180
2438200
2434935
2439795
2438878
2440321
2435272
2440830
2439236
2438047
2443209
2439542
2437769
2434756
2440689
2438379
2437305
2436281
2443373
2436028
2437630
2435550
2438032
2436326
2434397
2436917
2441873
2436400
2435566
2433616
2438115
2441242
2437717
2439847
2441171
2437643
2441805
2441797
2435729
2441350
2438540
2439818
2442264
2437470
2435099
2438463
2440029
2437078
2439305
2436455
2436013
2433825
2435307
2435475
2441377
2443195
2440914
2433898
2437821
2442195
2440385
2441180
2440214
2437870
2440864
2437754
2443315
2443254
2434720
2437647
2437212
2434997
2438907
2436576
2441716
2436442
2434682
2442680
2441580
2439645
2434257
2439486
2439912
2442163
2439613
2441597
2439661
2438687
2440856
2442562
2434161
2438220
2441106
2440489
2434692
2442883
2438556
2440542
2440227
2436023
2439901
2439974
2438289
2441617
2438610
2438964
2435989
2441450
2440221
2434226
2437960
2440522
2442988
2435286
2442886
2438864
2437682
2439379
2435596
2436395
2442215
2435353
2435880
2441888
2439594
2434007
2437237
2436271
2434019
2442515
2435250
2437077
2435966
2435892
2440958
2442897
2434704
2437524
2438886
2436305
2434580
2438452
2436087
2438070
2439579
2436317
2439846
2436331
2437585
2441155
2433836
2434773
2439699
2438765
2443018
2441143
2440482
2439740
2434150
2437813
2438784
2434331
2440551
2436295
2438954
2437151
2442850
2439787
2440840
2436478
2436837
2438919
2434391
2443135
2438586
2435887
2442400
2440199
2440891
2440902
2439821
2435407
2442640
2441532
2437743
2438162
2439606
2435423
2435094
2434844
2443073
2437332
2438531
2434441
2435215
2439395
2441984
2434429
2441414
2437636
2435017
2436944
2437885
2437227
2437651
2436311
2442479
2440769
2434657
2436014
2442598
2435548
2440637
2441647
2435072
2438553
2441603
2440286
2433832
2442009
2442513
2441931
2441359
2442834
2433587
2440730
2440912
2438328
2437626
2435297
2437185
2434383
2438492
2435148
2436149
2441006
2436198
2441842
2443302
2434234
2437285
2442187
2439866
2440138
2442782
2438662
2437748
2440737
2437490
2436928
2434769
2435908
2438530
2434043
2434857
2436185
2434901
2437009
2434826
2437737
2436285
2436256
2436434
2439466
2435397
2436733
2437069
2439571
2433711
2443348
2440155
2442273
2440479
2440289
2435399
2433492
2439718
2442568
2434799
2433553
2443158
2439366
2433550
2442620
2437957
2443350
2439545
2440537
2433919
2439660
2443354
2441934
2437493
2440335
2433477
2434716
2438543
2440841
2441268
2443023
2434320
2442429
2440828
2434075
2436293
2434059
2441036
2437434
2435249
2437333
2437990
2443407
2436181
2436518
2436772
2436839
2440552
2434889
2437735
2437499
2441954
2441676
2436741
2435765
2441811
2434785
2440797
2441267
2438246
2440846
2433518
2437254
2436749
2434193
2439965
2439807
2437198
2440901
2434291
2434596
2441720
2436971
2437236
2437929
2435921
2436577
2435703
2437523
2436669
2437471
2441404
2442940
2437819
2439207
2442257
2438488
2438574
2434714
2437578
2434723
2442222
2443166
2433673
2440346
2434765
2437132
2438605
2436329
2439238
2438843
2441025
2435569
2439104
2435201
2438439
2440154
2441266
2439804
2434275
2435136
2442879
2436836
2437319
2440831
2435523
2435863
2435388
2441544
2434737
2437229
2440659
2436551
2439950
2434702
2442043
2440794
2439267
2439637
2441756
2435790
2435696
2433671
2442068
2433806
2435058
2442914
2434914
2440441
2435070
2439134
2437574
2436646
2438005
2442899
2436396
2440467
2442322
2435332
2437567
2441293
2435753
2439703
2437654
2441142
2439634
2440040
2440107
2443252
2434420
2438283
2434998
2442034
2434672
2442154
2439934
2441338
2438962
2436265
2439945
2439056
2437122
2436247
2439757
2437040
2440143
2437280
2441939
2443357
2437778
2435367
2436226
2436941
2433929
2443096
2438622
2434212
2436773
2434350
2437931
2440120
2437665
2436709
2439596
2437976
2443133
2438523
2434430
2442716
2442471
2438689
2435850
2441517
2436341
2435267
2436416
2442500
2443149
2443114
2439374
2434891
2439521
2441971
2441074
2436076
2435878
2438351
2437429
2437150
2440307
2437681
2440528
2441957
2443128
2442247
2436991
2435197
2438860
2438506
2436188
2438065
2440194
2436314
2440805
2442761
2436135
2439313
2435929
2438238
2442625
2442446
2434965
2435658
2443416
2437415
2442012
2439770
2437378
2440026
2438585
2442403
2435771
2438571
2438829
2439016
2434578
2441723
2435121
2440057
2434325
2439953
2440297
2438998
2438495
2437468
2443200
2442269
2438915
2439255
2440691
2439433
2438312
2439586
2435567
2440666
2438846
2433530
2438685
2435924
2436887
2437890
2442946
2441902
2435474
2439504
2435379
2440173
2437066
2441883
2441790
2433824
2434462
2438361
2438754
2437272
2439206
2442250
2439357
2437936
2439682
2435036
2440607
2441498
2436781
2438989
2435351
2442138
2435592
2437006
2438544
2441139
2441863
2441459
2437534
2436732
2441408
2437213
2434577
2435126
2442784
2434442
2435296
2437548
2441479
2443245
2442252
2442550
2439352
2435559
2436386
2437650
2434486
2436441
2436022
2440350
2443358
2434037
2442659
2440375
2441476
2440992
2433852
2438686
2443037
2441858
2440382
2436452
2441889
2441334
2441875
2434085
2443050
2442794
2437004
2436351
2435381
2436106
2435810
2438679
2442986
2440292
2439330
2438383
2437033
2438258
2439760
2440699
2441901
2442685
2441265
2441246
2441095
2439229
2435743
2436122
2435458
2437668
2433606
2436029
2437474
2435004
2434290
2436946
2434310
2434448
2434091
2436534
2436403
2434542
2436829
2440881
2437704
2440362
2438938
2438203
2436647
2434211
2435673
2433925
2441531
2438647
2441007
2439416
2435084
2434326
2440520
2437907
2436668
2434023
2442933
2436485
2434049
2439073
2434005
2437662
2433762
2437159
2437950
2440122
2438748
2433911
2436628
2441064
2435513
2437878
2441977
2439947
2433829
2438601
2439333
2443225
2436460
2441691
2436215
2442166
2441899
2433814
2441274
2437224
2441154
2439244
2442263
2433795
2438600
2437604
2435757
2435053
2435620
2443139
2441730
2438268
2439513
2443134
2435582
2440025
2441511
2438227
2433977
2438138
2440781
2442155
2441668
2435163
2437528
2437593
2438214
2435791
2436830
2438692
2437709
2436598
2442443
2441561
2437598
2437275
2438572
2443234
2439427
2437972
2436626
2436482
2435874
2440795
2440051
2438603
2437276
2435812
2442804
2441559
2438459
2442741
2440640
2435831
2437537
2439212
2441153
2442759
2433941
2438642
2436729
2439763
2435602
2437726
2434132
2433790
2439365
2441651
2439495
2433484
2441325
2440853
2434467
2437349
2441279
2433842
2437494
2443167
2439121
2435335
2437546
2437713
2433532
2439808
2442977
2441121
2436401
2434425
2434070
2440946
2437518
2435824
2438761
2433732
2442835
2439470
2438175
2434873
2438625
2438037
2439456
2435507
2440943
2438173
2441470
2433515
2436420
2438218
2441928
2442282
2435735
2438719
2435858
2434599
2442547
2439918
2436717
2442234
2441997
2435600
2438604
2440855
2434848
2437041
2440772
2442301
2436547
2438806
2435702
2439446
2438654
2436562
2433745
2437336
2439656
2441381
2433556
2440490
2440633
2442790
2434379
2442099
2438206
2442052
2440460
2435726
2440111
2440576
2440377
2442039
2443419
2434934
2436846
2439263
2437335
2435001
2441251
2437127
2435712
2434604
2438890
2442862
2439077
2441038
2442329
2442557
2437738
2442349
2433627
2435085
2441616
2440918
2442162
2437492
2438922
2443243
2438343
2439138
2434823
2435570
2443326
2437962
2435113
2436502
2437817
2439643
2437380
2441818
2437271
2441501
2434872
2439603
2441726
2440324
2440334
2438537
2434863
2435007
2437086
2442551
2442965
2438815
2441447
2437045
2437209
2435357
2438293
2435894
2438335
2435052
2433797
2437841
2440146
2435496
2439841
2440282
2438607
2440915
2438449
2438039
2439287
2440744
2436229
2442221
2436655
2433853
2435637
2437092
2435205
2442309
2436007
2443428
2436746
2436905
2433576
2436644
2437052
2436289
2441942
2442296
2441192
2434658
2438170
2439525
2435671
2440651
2436578
2435760
2438478
2434796
2436640
2435490
2443424
2440819
2434265
2438822
2439137
2439708
2442918
2438387
2436277
2439962
2436335
2441187
2437691
2434173
2438365
2440525
2437055
2439413
2441166
2433640
2441037
2439045
2439668
2440897
2438408
2441250
2438466
2441670
2442091
2433904
2442245
2434870
2438811
2433823
2442814
2442525
2440433
2442725
2436858
2437558
2436636
2441596
2440076
2439005
2437181
2434466
2433935
2435149
2435318
2434432
2441985
2433753
2433744
2438616
2433681
2442229
2433505
2439644
2434518
2439933
2437590
2436592
2439378
2434851
2438139
2441150
2439526
2437582
2436344
2443112
2433635
2441249
2441023
2443244
2440663
2440340
2433482
2437592
2439309
2436575
2442248
2435489
2437372
2440875
2438745
2438160
2438583
2440890
2434841
2438249
2437830
2442182
2437586
2443385
2441453
2441912
2438095
2442160
2440936
2433692
2440125
2440928
2436162
2435346
2436686
2437926
2436825
2440237
2442258
2441374
2442231
2435472
2441053
2442094
2442480
2439454
2440185
2434352
2434491
2434521
2435087
2439664
2441464
2437446
2436192
2439256
2440497
2437461
2442824
2437441
2439601
2434776
2440494
2440873
2440280
2440215
2435782
2439510
2443336
2434727
2442236
2443299
2438701
2439732
2437154
2438301
2436488
2440652
2433839
2438261
2436126
2439410
2435986
2433833
2442327
2438980
2435009
2440358
2438121
2437818
2434652
2440842
2434461
2438863
2433866
2437440
2438842
2433740
2443438
2438442
2436448
2439242
2443279
2437744
2438493
2439692
2436591
2434125
2440611
2433905
2438734
2436896
2441096
2433613
2437043
2440071
2434036
2436242
2435185
2434032
2438172
2435943
2442305
2441925
2434747
2436539
2441607
2442110
2436976
2439733
2441648
2440837
2434774
2437951
2442546
2440276
2436494
2439147
2436411
2442246
2436511
2441114
2441104
2442230
2438017
2435044
2439465
2434149
2440512
2442678
2433974
2437067
2434817
2433865
2434060
2442912
2438435
2437056
2438197
2439406
2441063
2442789
2433704
2442764
2439302
2434638
2434108
2440290
2441689
2434535
2443051
2434268
2438272
2437657
2435440
2442414
2442958
2441944
2440246
2440962
2442731
2439860
2434606
2433915
2440038
2442484
2437356
2440425
2439069
2435693
2433923
2433503
2441965
2443077
2440777
2434123
2441661
2437764
2442724
2433975
2434281
2436287
2436569
2437646
2436869
2438649
2436573
2440929
2441000
2442280
2440010
2439381
2433721
2443086
2437806
2436350
2441469
2435300
2440705
2440080
2434661
2441940
2441430
2441527
2435208
2436222
2436209
2443281
2433980
2436067
2437504
2438285
2436912
2436323
2441760
2441485
2441365
2434909
2442391
2436706
2440244
2436667
2435587
2437696
2441258
2435634
2435160
2438535
2439578
2435879
2442908
2441844
2438648
2439264
2441930
2434502
2442129
2434573
2442436
2435378
2441376
2434960
2433617
2439745
2437021
2437459
2434725
2436902
2436637
2436650
2433901
2434871
2433631
2442194
2440838
2437381
2442876
2440504
2442253
2442185
2440693
2435333
2439898
2436443
2435064
2443175
2441705
2439136
2435692
2435068
2435674
2442563
2436283
2442152
2441144
2439354
2441763
2434804
2435686
2440224
2436603
2435248
2433497
2441521
2435242
2433957
2435086
2436072
2435751
2440836
2435361
2437961
2439355
2437165
2440506
2438646
2440748
2440876
2433601
2436224
2435140
2440105
2440569
2443013
2442800
2441646
2440780
2433684
2438097
2438084
2442523
2441872
2434072
2442036
2438437
2443204
2437766
2437406
2434651
2440156
2434157
2442137
2439035
2435650
2441263
2442244
2434242
2433480
2436327
2436370
2435081
2436207
2441471
2435389
2435514
2436538
2435104
2439729
2438321
2441885
2438131
2438311
2440083
2441296
2441322
2440312
2436449
2439514
2435380
2436894
2436103
2435978
2440627
2443342
2437464
2437267
2433880
2436847
2440045
2436766
2440027
2434698
2439091
2438702
2436228
2441573
2434199
2439425
2435060
2441917
2438900
2441823
2439753
2440603
2434733
2437245
2433807
2438877
2435583
2438126
2434449
2435717
2436972
2437243
2434619
2440619
2438239
2436724
2438797
2435949
2441922
2433801
2442569
2440440
2437105
2438334
2437445
2435312
2436521
2438505
2442756
2439481
2441510
2442962
2443205
2440495
2440975
2437194
2433816
2435241
2436611
2440152
2435925
2437297
2434223
2443403
2434344
2439241
2433703
2435956
2436296
2437323
2440337
2440496
2437716
2442037
2439133
2442361
2436299
2441372
2439361
2436528
2438355
2436936
2442495
2440447
2436233
2441853
2433595
2438876
2440885
2440746
2433999
2439430
2439783
2440137
2435202
2436345
2435077
2435572
2439154
2440002
2437877
2435412
2438263
2437583
2439152
2441981
2437921
2440820
2433802
2436010
2436313
2441337
2433701
2434920
2433940
2438242
2435769
2439666
2440973
2440238
2436170
2435670
2435721
2442911
2442572
2435521
2435417
2435976
2437111
2436884
2442102
2440464
2436415
2439168
2439462
2437722
2438661
2442750
2443237
2441315
2442662
2438970
2438360
2435179
2436605
2440953
2435885
2434372
2437557
2442045
2440792
2442554
2433683
2436187
2443394
2434992
2436273
2434683
2435532
2438510
2437664
2440034
2440739
2439363
2437489
2439935
2442017
2440264
2438056
2434764
2435316
2438755
2441040
2433548
2441666
2436161
2436480
2438779
2437514
2433557
2441168
2439303
2438703
2436662
2439420
2440127
2443027
2441961
2439878
2440320
2442893
2438182
2439716
2436687
2437063
2441919
2435429
2439654
2435987
2440959
2434111
2440861
2436150
2441856
2440680
2435611
2435217
2439868
2438276
2435654
2433928
2441099
2434076
2443253
2441952
2436110
2434097
2441781
2436949
2442935
2439859
2434734
2438885
2435829
2439509
2433743
2440910
2443256
2439584
2437686
2435561
2434497
2442686
2437839
2440459
2440934
2435912
2434647
2435013
2436973
2442765
2437414
2434093
2433769
2440990
2441582
2436216
2434735
2437660
2433594
2438060
2434708
2440279
2434247
2441870
2433902
2434646
2438872
2438354
2439434
2438879
2435325
2443169
2440389
2435151
2443363
2435843
2439698
2438490
2434315
2439441
2440339
2437389
2434269
2442774
2440180
2434576
2439449
2438971
2436707
2433759
2434570
2438178
2442297
2436517
2442896
2434182
2435225
2440444
2441307
2440778
2441347
2441440
2437246
2437196
2438008
2442240
2437137
2438183
2441530
2441849
2438612
2442098
2435487
2434639
2437992
2438950
2434669
2435319
2437277
2433938
2434792
2441122
2434701
2441019
2437214
2438137
2442374
2437483
2442078
2434637
2437287
2443041
2435129
2435119
2436780
2434913
2440218
2441183
2437930
2440982
2435680
2443257
2443171
2438534
2441329
2443444
2443078
2433549
2434700
2440784
2442738
2442757
2437862
2442083
2434879
2438952
2439103
2442041
2438092
2441914
2442122
2435636
2440336
2436291
2433755
2436324
2442581
2435526
2437467
2441245
2441968
2443227
2435742
2438955
2433741
2435679
2440284
2440463
2435299
2441488
2435916
2442871
2440206
2439166
2433509
2437953
2438526
2439944
2435563
2437549
2440933
2440543
2438122
2435405
2439888
2435365
2439034
2435078
2433751
2439392
2439744
2434040
2435864
2440814
2441125
2441685
2437479
2437473
2440968
2434306
2439223
2440148
2442136
2439737
2439027
2434426
2436833
2434437
2438144
2442582
2441226
2438549
2442606
2440582
2435469
2434119
2440723
2435304
2436900
2437641
2436867
2440977
2434487
2438706
2439288
2440536
2440801
2442728
2443228
2435975
2442999
2439209
2442060
2433986
2438881
2433772
2442422
2441641
2433891
2438087
2436466
2435783
2437564
2443008
2434482
2439759
2435844
2435615
2438157
2438967
2436873
2439754
2437121
2437852
2436328
2440734
2440316
2435193
2437364
2434546
2434496
2439867
2436407
2434650
2439919
2436423
2439531
2434917
2441969
2435416
2442733
2437846
2438438
2441446
2440457
2434931
2436962
2436999
2441810
2434104
2438294
2435707
2437124
2436016
2439929
2443418
2441951
2441100
2435360
2440170
2440450
2441494
2435224
2434286
2436462
2436983
2435928
2435533
2440866
2435292
2440572
2442233
2435334
2435529
2440165
2441693
2439368
2441738
2437387
2434667
2441284
2438563
2441773
2434152
2438665
2440759
2434588
2438188
2433649
2440722
2437634
2438109
2436257
2433992
2441674
2434096
2442019
2440179
2438525
2440683
2439320
2442300
2438518
2440516
2439673
2435175
2440392
2433782
2440378
2435763
2435659
2434304
2435678
2438222
2439145
2434794
2434831
2435938
2435305
2439412
2441709
2440725
2434506
2442426
2442752
2437510
2440498
2443186
2439949
2441373
2434305
2436405
2439293
2434162
2439735
2438498
2434594
2438299
2434771
2436716
2442402
2434711
2438036
2435571
2437075
2435284
2436700
2440870
2439080
2435019
2442630
2439995
2435042
2439284
2434680
2443058
2439608
2441643
2441432
2435266
2439592
2437679
2434818
2443136
2439052
2442647
2441841
2439836
2441231
2441119
2434816
2440102
2435733
2436617
2435327
2440003
2436879
2441024
2440274
2442611
2433864
2437119
2438339
2435091
2437308
2434994
2434409
2442311
2438871
2441845
2433835
2440174
2438277
2437050
2437019
2438075
2442056
2438909
2436535
2433725
2440343
2439685
2437728
2438198
2438668
2433811
2439587
2434322
2438186
2441529
2438389
2437149
2437676
2438108
2440069
2434181
2433636
2438342
2438080
2439843
2442642
2440822
2434581
2439946
2435466
2439651
2440911
2439065
2440431
2439169
2437631
2435167
2437971
2438999
2434782
2438724
2434386
2441698
2438949
2435709
2436911
2441102
2439127
2442906
2436995
2438663
2436939
2434253
2436634
2435172
2438236
2436838
2441452
2438114
2441669
2436290
2440322
2440581
2436638
2435612
2439835
2434706
2442553
2443401
2435010
2438358
2439372
2440189
2437433
2443198
2435711
2434971
2438142
2443076
2439335
2435385
2439201
2440803
2439477
2437435
2435363
2438216
2436953
2441737
2441199
2434479
2434012
2442677
2437512
2440776
2437881
2438798
2440608
2437515
2440998
2440273
2436062
2438279
2439334
2437975
2436264
2442299
2433589
2434073
2436439
2438414
2434629
2441796
2435192
2437725
2439341
2443127
2438621
2435960
2443146
2439925
2434481
2440874
2435501
2437938
2439721
2440331
2440629
2443129
2439585
2442104
2434678
2433878
2434705
2442358
2439063
2440175
2438821
2436969
2434895
2439823
2435239
2440645
2435255
2439730
2438329
2440345
2439883
2435002
2435390
2439213
2439536
2442364
2435246
2438290
2434236
2434950
2443214
2435762
2436037
2434130
2439279
2437220
2436393
2436582
2438057
2442177
2436961
2441236
2438617
2433694
2436239
2435382
2441946
2436182
2436138
2442419
2440559
2438482
2436096
2434144
2436472
2436101
2440012
2440217
2436446
2442639
2436602
2438824
2441584
2437715
2438264
2438957
2434427
2438051
2437250
2433458
2440315
2438747
2436166
2436656
2442149
2440023
2442830
2437692
2433988
2439617
2433989
2435027
2434988
2437097
2442077
2438901
2441161
2442330
2435395
2437001
2440253
2435471
2442599
2442508
2440103
2438837
2443060
2437639
2442428
2434806
2441288
2442385
2435926
2434340
2436745
2436214
2441837
2437765
2442827
2433513
2439253
2434540
2438240
2436513
2440234
2437053
2437920
2435631
2440668
2439095
2442552
2439830
2433984
2435603
2435854
2441991
2438330
2440356
2434898
2437588
2436522
2441564
2440812
2433917
2437857
2438655
2441780
2438629
2442153
2440956
2439407
2439443
2442577
2440058
2433598
2441087
2434353
2438405
2442014
2434185
2440430
2443420
2441678
2436057
2436684
2438636
2435909
2441208
2434308
2440676
2440303
2441395
2439940
2439143
2440892
2435076
2438146
2438946
2438859
2437624
2440585
2443311
2440610
2439928
2442140
2435342
2442658
2435630
2442416
2436853
2441319
2438825
2435897
2437500
2440967
2434436
2436450
2443131
2435968
2434722
2440438
2443130
2434282
2439369
2436631
2436503
2439435
2434463
2441326
2436541
2440957
2434664
2435238
2436654
2435797
2443379
2436155
2436627
2435682
2433525
2440166
2438475
2440884
2438048
2434991
2434744
2437072
2434298
2441677
2437478
2442628
2438781
2439957
2439476
2437302
2441992
2440145
2440399
2442214
2442029
2441082
2438050
2441740
2433572
2442847
2434615
2433687
2435317
2442969
2435494
2433785
2436856
2438325
2441690
2439292
2435914
2437674
2438773
2440859
2441715
2434948
2440540
2439691
2434616
2435503
2433994
2441507
2443201
2435789
2433584
2442033
2438347
2434509
2433663
2439328
2434151
2443433
2442656
2443436
2434026
2433712
2439185
2441809
2438381
2435102
2442007
2441654
2435588
2442481
2435425
2436614
2435875
2434670
2441662
2433554
2438298
2435090
2443380
2441207
2441054
2441743
2433964
2438524
2441653
2443238
2433560
2442853
2437797
2435221
2437088
2440035
2442815
2438500
2436104
2438804
2435700
2442418
2434566
2434174
2436146
2442204
2441816
2439033
2441907
2436763
2434276
2441679
2440799
2433788
2438960
2442542
2442018
2442493
2443181
2442421
2440363
2442846
2436241
2436451
2436498
2442687
2440547
2439736
2438118
2435604
2439959
2436702
2437443
2439879
2439280
2443063
2433547
2439566
2439200
2442963
2442536
2435088
2434860
2435838
2439562
2439873
2440587
2435161
2438308
2435903
2436880
2442653
2436232
2443081
2438481
2434323
2435430
2438870
2442225
2441777
2437854
2435958
2438831
2434571
2437408
2441195
2440011
2434238
2437579
2442369
2439217
2442858
2436922
2433581
2436360
2439004
2436435
2439834
2442355
2440798
2442022
2434858
2438680
2438071
2442649
2442627
2437062
2438839
2438948
2437867
2438315
2437135
2437777
2433487
2436957
2433479
2440243
2433564
2435047
2438465
2438467
2438073
2440147
2442146
2442829
2437174
2442722
2439597
2442652
2435833
2435111
2436701
2436788
2438499
2434710
2437248
2434408
2442984
2436425
2438787
2435994
2434755
2442795
2433982
2433736
2442591
2436693
2439855
2435754
2442359
2435039
2436112
2440445
2434881
2435940
2440871
2434618
2440293
2436739
2438991
2441020
2433504
2440424
2437368
2434929
2433561
2437570
2441520
2437219
2433546
2435391
2439370
2440612
2435899
2435800
2439512
2441313
2437589
2440108
2437987
2438156
2437407
2434780
2439329
2434064
2435672
2442921
2435437
2439782
2442367
2433817
2441594
2442008
2433585
2442594
2435841
2437677
2438573
2434388
2434691
2433981
2441987
2441576
2437730
2441960
2440858
2439924
2436236
2433526
2440857
2435128
2433710
2433746
2441767
2442539
2437620
2439738
2435315
2438088
2438874
2435610
2436872
2443213
2437848
2441151
2436276
2440824
2442323
2440119
2438221
2438827
2434743
2436742
2437205
2438508
2434280
2439447
2442989
2437509
2433524
2438450
2442379
2441700
2440310
2434825
2443318
2438461
2436431
2440176
2438034
2440129
2440039
2435018
2439397
2440604
2438861
2441222
2434963
2436987
2438229
2434002
2442040
2438117
2442384
2434904
2437428
2438716
2441224
2443359
2439060
2442837
2442574
2438044
2441118
2434295
2442321
2436258
2438808
2440421
2433735
2439932
2433847
2434612
2443255
2434974
2438187
2433579
2437175
2435426
2436567
2439890
2437003
2441846
2438416
2441475
2441539
2434693
2438319
2440827
2438181
2437320
2443102
2441362
2439856
2436966
2434957
2435290
2435995
2436490
2436039
2436548
2434624
2441390
2437497
2439440
2440810
2435731
2443440
2435710
2437103
2440353
2434565
2434634
2442058
2438353
2443196
2436878
2434973
2438674
2435206
2439755
2437253
2438792
2436703
2441664
2434414
2433645
2435953
2439175
2437718
2442543
2438011
2439100
2436708
2441120
2441806
2434220
2441448
2439630
2442534
2438737
2442024
2441490
2433830
2434996
2434457
2436799
2438074
2435815
2434465
2440752
2433837
2442468
2438373
2436612
2436931
2433970
2436099
2437991
2438159
2435574
2437355
2440359
2433895
2433831
2441126
2440865
2436557
2439988
2434986
2434930
2437157
2435576
2441354
2439237
2439208
2435948
2440487
2437306
2439824
2440698
2435724
2433713
2436694
2440144
2435289
2436800
2434609
2434563
2437973
2434942
2442735
2434808
2442875
2441637
2434363
2441523
2436978
2439541
2433827
2433608
2436332
2438314
2443080
2443226
2441588
2441998
2439816
2434267
2435595
2437309
2442224
2440616
2442689
2437985
2443039
2442315
2433452
2438977
2434654
2437552
2434235
2440848
2443442
2435589
2434250
2440983
2437663
2441913
2435214
2439083
2435935
2442475
2438432
2437795
2437294
2439048
2437627
2436507
2437054
2441133
2441243
2436374
2438106
2442570
2440709
2440352
2437560
2441189
2439861
2438566
2442583
2440068
2442261
2437278
2435127
2434196
2442825
2439939
2441466
2438090
2441392
2438631
2440036
2443292
2436073
2434620
2435456
2438023
2437226
2440369
2441732
2436979
2439011
2440556
2435808
2435613
2441271
2442991
2443026
2438893
2437099
2434337
2442278
2437221
2439474
2441638
2441203
2442274
2437986
2441229
2442610
2438816
2440719
2441755
2437758
2437377
2434259
2442202
2442171
2442020
2442719
2433675
2437312
2439458
2435625
2434753
2442507
2442651
2443251
2439937
2440030
2436813
2440428
2438547
2436363
2435288
2437293
2439023
2437880
2442932
2439581
2442176
2439108
2441556
2437145
2441333
2442464
2441746
2436158
2438849
2437541
2434878
2438760
2438309
2441962
2440164
2441181
2435356
2438651
2434791
2442388
2441973
2437800
2433841
2437740
2436757
2441869
2437460
2438550
2434131
2442181
2436459
2439344
2442377
2433580
2438939
2441191
2434924
2441569
2439180
2439582
2436624
2435594
2435786
2434922
2442635
2435872
2441703
2437946
2436025
2435504
2434940
2443072
2440082
2441080
2436427
2435616
2440972
2439484
2438628
2440084
2442615
2433514
2435635
2434936
2433646
2440007
2437661
2442679
2435991
2439534
2440474
2436497
2442928
2440123
2440568
2440760
2439487
2433933
2437710
2442904
2435530
2438532
2441542
2441778
2434056
2442082
2439282
2442066
2439338
2439813
2441595
2439629
2436418
2439684
2433583
2442467
2434189
2440354
2437087
2436240
2442975
2442188
2435144
2438997
2440755
2441625
2439438
2440942
2438349
2437955
2440843
2438025
2438305
2441412
2438052
2442867
2441022
2442054
2439485
2442891
2437761
2435158
2434205
2438429
2436169
2435848
2440190
2443071
2442812
2442310
2435156
2435453
2435794
2434511
2438395
2437359
2441034
2436713
2437939
2436212
2436652
2443106
2442675
2443360
2436217
2442130
2439874
2434549
2439641
2442150
2436115
2440196
2435037
2442732
2438579
2436467
2439277
2436250
2439951
2434198
2436124
2441035
2441605
2438809
2441497
2442694
2434300
2437301
2437472
2434061
2438362
2441411
2435519
2441382
2439246
2440169
2437535
2438666
2434522
2437584
2433916
2443327
2440232
2440313
2442532
2435830
2434888
2438520
2438789
2440790
2436382
2442281
2439537
2440754
2438158
2442684
2434972
2434681
2433450
2439923
2437576
2433946
2437218
2435900
2438494
2440223
2438284
2436105
2434854
2439696
2436371
2439739
2438965
2442836
2434314
2435186
2438766
2433914
2436066
2434699
2435463
2442334
2442087
2435996
2434820
2436730
2437005
2435942
2440979
2435422
2434245
2442802
2441993
2439178
2439424
2434742
2436269
2433868
2442485
2438326
2434370
2439360
2436054
2436663
2437559
2439492
2434852
2441130
2434868
2442396
2441312
2437168
2438368
2435910
2439677
2436816
2436419
2442113
2438140
2443185
2439640
2434999
2442851
2441384
2436056
2435922
2439725
2438207
2439891
2438700
2442905
2433730
2441368
2442634
2441480
2440395
2437884
2435853
2436755
2436802
2439218
2440716
2442604
2441101
2436587
2436683
2435645
2437044
2439590
2436906
2440046
2440183
2438639
2442842
2443389
2439750
2439609
2440700
2442251
2440561
2443277
2439028
2435270
2441457
2437801
2440397
2438588
2441624
2436142
2435605
2435836
2437252
2442268
2440367
2435744
2433861
2439697
2437298
2436055
2440096
2439717
2442491
2441762
2438269
2439858
2437864
2442720
2434440
2437144
2435219
2442832
2441718
2442849
2439248
2433651
2436572
2433508
2438232
2437363
2437635
2434603
2438004
2436043
2442760
2435577
2436227
2433780
2434418
2439908
2438254
2436913
2440209
2440258
2437458
2438836
2439098
2434554
2438486
2442555
2442288
2440484
2439030
2435016
2439748
2443386
2437763
2437396
2433909
2436619
2442993
2436881
2442734
2438189
2437966
2436544
2436828
2434718
2440348
2438363
2438100
2436474
2441308
2441205
2435438
2439978
2434537
2443151
2435981
2439099
2437502
2435775
2441926
2439066
2441769
2439409
2443273
2437979
2433826
2435820
2442499
2434617
2435547
2440562
2438428
2443368
2441788
2443107
2440283
2434803
2439969
2440419
2442942
2438045
2436924
2433574
2441272
2439980
2441211
2435355
2442672
2435950
2434102
2440434
2443192
2437970
2435902
2443426
2438471
2441989
2433596
2435691
2434357
2436235
2439973
2433739
2440275
2435075
2436476
2443156
2436625
2437526
2440351
2439865
2439833
2440515
2437341
2438943
2436550
2437328
2434089
2438417
2442772
2437591
2438634
2435023
2440492
2441276
2439799
2442585
2438790
2433620
2438372
2435618
2438320
2435046
2441833
2433943
2438515
2442086
2442006
2442796
2440417
2437517
2440110
2439650
2436955
2433639
2439375
2441441
2440261
2442976
2438479
2440086
2440106
2436554
2436469
2435101
2435324
2440558
2440591
2437018
2435020
2436910
2435621
2436698
2443265
2437476
2438527
2441491
2442819
2435153
2442621
2442892
2442439
2442787
2442266
2439055
2435054
2434255
2434958
2435306
2439675
2435223
2437210
2440653
2441353
2438101
2436651
2435510
2438474
2440753
2437597
2440981
2433820
2437925
2437481
2441558
2436152
2440008
2438637
2434349
2439712
2434062
2434201
2440478
2436835
2438592
2440064
2441363
2438937
2442450
2438898
2434099
2440631
2434087
2438300
2439802
2439068
2437126
2437263
2438141
2434233
2443295
2434532
2436765
2441388
2437816
2438887
2433983
2442579
2440634
2442682
2438061
2438253
2441865
2437102
2441908
2435413
2442293
2435199
2439074
2443091
2434741
2441764
2442096
2435905
2441256
2442304
2442440
2435442
2439319
2439538
2438928
2438921
2435554
2434544
2434944
2441525
2441070
2434686
2439893
2434179
2435150
2439758
2440664
2434903
2434668
2433792
2439290
2442417
2437311
2434483
2433920
2439910
2442026
2440833
2433537
2440621
2442076
2436948
2442496
2442779
2439193
2438067
2439814
2437082
2434071
2442982
2442223
2440938
2436038
2442205
2436440
2436635
2442051
2440573
2441417
2434321
2436916
2436237
2438988
2442134
2433808
2437367
2436762
2441413
2434592
2442115
2440020
2436688
2435959
2435401
2436642
2442901
2439081
2434978
2434038
2436140
2442890
2435609
2439461
2443339
2436392
2442407
2434410
2437128
2435480
2437313
2434126
2438844
2441134
2442920
2443011
2435080
2438720
2441235
2439380
2441814
2436804
2436390
2437231
2433490
2441015
2443054
2437233
2438421
2438696
2436815
2437700
2439163
2434811
2442927
2442457
2437923
2441854
2441499
2439722
2437995
2435443
2434177
2435117
2442597
2436759
2438049
2436286
2436036
2439805
2434777
2437525
2435540
2441030
2438423
2438003
2437891
2435122
2443399
2440072
2440574
2434411
2439459
2439551
2435770
2443113
2435597
2435097
2442259
2433667
2440887
2435268
2434557
2442476
2437723
2442538
2437076
2439897
2434293
2436871
2442072
2437329
2439155
2440993
2438136
2438840
2437545
2435269
2434277
2440193
2440466
2438644
2433844
2441672
2436777
2433849
2435515
2434148
2439182
2436584
2438374
2438609
2437315
2440414
2434887
2441147
2442445
2438455
2440100
2435462
2441081
2435326
2437980
2440272
2437644
2434078
2436673
2442286
2437516
2440465
2437956
2440909
2433874
2436970
2440531
2433498
2436406
2443103
2440393
2437698
2438026
2440682
2443301
2439801
2437687
2443028
2443157
2436268
2436852
2434101
2437206
2442351
2440332
2437187
2438230
2439157
2438401
2439437
2441416
2439852
2435283
2441518
2438385
2433625
2441021
2440255
2441750
2436844
2441221
2438469
2437977
2435787
2433893
2440961
2437633
2443274
2442213
2434492
2443369
2434959
2440952
2442062
2433591
2434154
2437802
2435932
2440823
2439171
2442874
2438007
2433491
2434663
2436213
2436457
2434270
2439845
2441958
2442996
2439931
2439588
2437901
2434329
2433654
2440554
2438767
2436585
2442535
2436782
2434832
2440593
2440921
2439774
2437397
2435488
2441159
2440669
2439936
2442919
2440017
2440718
2436319
2434575
2443397
2441639
2438213
2441280
2435568
2436221
2439653
2439524
2438725
2434928
2434827
2441309
2437032
2440694
2438796
2438596
2442985
2436294
2434473
2442956
2442408
2439042
2439624
2434360
2439781
2442387
2439927
2437752
2437561
2438177
2441947
2435747
2442669
2439822
2438643
2443210
2435233
2438769
2437223
2441882
2442498
2435467
2438672
2442607
2439702
2433592
2437569
2439971
2438078
2434389
2435911
2443207
2438555
2437193
2437366
2436600
2441057
2434802
2443208
2438204
2434694
2441163
2434393
2436661
2439010
2436715
2438705
2442478
2441635
2442949
2435581
2434287
2437822
2434048
2437475
2435492
2435124
2437824
2437008
2440711
2442147
2441124
2433870
2440049
2438746
2439181
2441264
2436189
2441214
2434761
2439332
2435041
2438584
2439070
2440766
2439274
2435204
2436832
2434345
2436697
2433672
2436173
2433544
2433783
2442746
2437259
2433757
2433529
2435538
2435873
2436947
2443046
2436033
2438936
2439064
2442424
2441270
2437790
2442472
2434188
2439231
2435394
2439990
2443095
2443168
2434989
2436841
2439299
2437694
2434946
2440571
2435434
2439286
2433885
2433924
2443229
2443268
2443042
2436711
2443144
2441465
2440118
2434065
2442661
2435867
2442092
2435661
2435952
2437386
2436891
2438906
2438823
2439575
2434200
2438271
2440448
2437889
2438905
2433952
2438528
2437746
2439854
2437257
2443189
2442319
2440269
2439348
2434328
2434586
2434630
2440948
2439491
2439261
2433869
2435131
2441255
2439506
2442100
2440530
2439082
2442178
2434918
2437046
2439130
2442210
2443364
2434292
2439049
2438509
2443309
2436378
2441512
2434100
2438889
2443313
2436720
2436751
2438380
2439401
2442540
2435624
2439021
2433748
2440971
2434299
2435945
2439053
2442526
2436288
2435022
2437399
2438176
2435662
2442453
2441861
2441731
2442165
2443184
2441046
2433521
2435014
2440115
2441188
2435862
2436471
2441623
2436178
2435845
2438470
2439186
2442200
2435668
2438338
2441062
2434084
2434145
2442095
2433822
2433787
2440733
2434614
2439625
2442342
2436629
2443395
2441157
2436752
2441456
2438054
2441113
2440198
2439396
2437775
2443053
2440089
2441050
2443328
2436301
2439260
2440031
2443033
2434641
2435715
2433944
2442324
2442256
2439318
2435038
2436754
2440220
2439820
2441352
2439254
2437394
2437382
2436774
2435512
2433669
2434628
2441273
2439909
2440453
2440566
2435418
2439784
2434923
2437565
2443017
2441812
2437351
2435586
2438756
2434555
2437292
2443441
2434456
2434838
2435069
2435999
2443287
2439503
2442350
2437554
2442081
2437573
2436484
2441233
2442015
2440288
2443261
2436727
2438776
2441995
2436318
2443355
2441943
2442646
2433760
2440099
2437838
2433570
2436139
2437823
2438853
2437133
2438398
2442980
2436519
2439796
2439561
2438732
2435601
2435392
2437070
2435415
2441152
2436556
2442512
2437689
2437827
2433599
2441619
2442667
2435216
2438594
2439125
2434365
2434168
2442763
2434784
2436470
2434011
2433571
2441536
2440793
2436107
2435310
2439062
2438464
2434109
2436399
2443398
2439308
2434128
2438568
2442806
2443306
2442365
2433775
2439809
2433604
2436352
2443068
2435291
2434598
2439057
2438865
2439109
2435420
2438171
2437599
2436929
2440584
2436367
2441068
2439112
2440172
2437361
2439214
2436220
2435067
2442813
2436937
2434821
2435667
2434505
2439546
2442990
2439453
2435542
2440257
2435962
2436827
2437851
2440483
2434786
2437622
2434403
2438462
2435656
2438626
2437064
2434378
2439528
2439191
2435403
2439614
2442839
2442854
2440390
2433698
2434507
2435722
2435832
2434715
2437783
2441223
2440074
2434595
2436855
2438410
2441439
2438517
2433840
2439250
2442347
2433664
2440597
2437202
2442114
2437751
2439719
2436297
2442473
2439649
2435372
2437143
2434167
2439680
2436531
2439311
2443288
2442697
2441847
2435005
2440517
2441839
2439418
2436129
2434876
2439569
2440955
2437539
2440202
2442307
2440563
2439421
2441103
2434129
2437784
2443193
2436163
2434216
2436018
2441982
2434419
2438882
2433455
2439132
2439764
2435236
2440529
2434439
2441996
2437036
2440455
2434695
2442561
2441361
2433666
2440715
2441002
2439314
2441460
2443338
2436383
2440595
2443176
2442612
2441673
2439222
2442655
2441680
2436453
2442537
2441072
2434558
2437201
2439032
2436826
2439417
2443084
2443187
2437997
2439044
2437241
2436630
2434444
2440756
2436789
2440473
2435828
2439483
2437156
2440886
2435767
2442852
2439917
2443286
2439564
2435362
2433516
2442420
2442889
2442576
2437247
2441752
2440697
2434837
2436468
2436618
2439173
2436012
2438578
2441663
2435320
2441487
2440636
2441092
2435170
2438990
2437667
2433615
2435026
2441645
2439039
2435888
2433659
2442004
2437872
2442332
2436195
2439902
2441451
2437503
2434709
2442003
2441328
2434313
2436796
2436083
2441923
2435788
2440481
2434611
2434949
2438357
2434153
2442437
2441519
2433978
2443126
2433912
2441838
2440028
2442038
2434623
2439297
2434772
2436049
2435544
2442303
2443345
2440432
2437562
2436980
2441402
2436438
2437249
2441483
2441369
2435628
2437357
2437767
2442021
2437968
2435737
2440764
2436261
2433573
2435527
2435279
2435704
2442663
2437874
2442945
2441427
2439317
2435468
2437719
2433971
2436190
2442032
2439117
2439024
2439560
2439291
2439848
2440032
2443374
2435281
2439339
2438969
2438015
2443035
2442220
2436919
2437352
2439926
2435882
2439694
2438306
2442238
2442987
2441422
2437153
2436525
2436998
2436373
2442025
2442859
2433449
2434273
2442840
2442590
2436791
2441557
2441587
2437842
2441230
2437789
2434136
2442239
2439600
2438250
2435031
2435278
2443085
2438480
2443117
2440277
2439257
2439310
2443177
2439997
2440361
2439895
2442957
2439559
2441342
2436726
2439956
2434067
2442841
2436965
2434279
2436649
2441066
2436487
2439442
2443409
2438105
2437110
2438446
2435971
2434047
2434819
2435321
2434163
2436866
2439790
2439210
2441132
2434077
2443016
2441098
2437793
2437835
2443140
2439336
2437994
2433937
2442941
2441141
2434485
2441825
2436047
2437176
2442869
2441642
2438043
2443232
2433953
2440834
2440898
2434660
2434597
2443376
2437974
2434137
2439234
2437136
2440852
2435340
2436601
2439116
2437594
2437232
2438783
2439123
2435079
2441903
2440514
2439966
2441725
2434095
2442778
2440927
2441174
2443216
2435511
2437850
2441065
2439958
2434178
2442870
2442968
2435159
2443004
2435889
2434905
2443413
2438215
2434648
2437942
2439523
2441345
2441285
2437343
2436736
2439797
2441834
2434717
2438364
2438063
2435705
2442190
2442900
2442088
2439431
2441391
2439198
2440618
2436685
2441197
2436349
2434967
2435169
2433784
2438688
2434416
2438113
2442142
2437262
2437260
2440121
2433805
2433464
2440625
2433819
2437794
2436141
2435813
2434022
2440988
2437937
2439851
2439577
2443024
2443062
2440159
2442271
2440630
2443282
2435524
2441175
2436176
2441892
2436303
2436915
2436052
2440470
2436921
2436137
2442249
2438785
2438431
2436568
2440226
2440374
2439769
2439174
2440672
2442952
2439170
2443059
2438875
2437371
2441148
2437452
2442730
2443036
2434787
2440299
2442690
2439636
2441728
2440511
2437010
2438337
2441323
2442714
2435639
2441281
2443353
2436595
2437707
2441804
2433454
2437051
2439490
2437039
2437898
2442412
2433766
2440986
2435375
2441949
2441076
2435708
2434896
2439554
2441379
2439043
2435339
2434877
2437945
2436735
2436211
2441356
2440849
2438512
2435944
2439765
2433531
2439463
2435697
2438485
2439992
2442587
2437632
2436193
2442855
2435455
2440476
2442943
2443005
2440184
2433468
2436210
2440326
2439322
2440782
2440380
2438491
2436604
2437089
2438764
2441871
2440304
2435689
2437235
2442544
2441850
2434317
2435796
2438316
2438516
2438788
2442545
2441786
2440245
2440717
2433677
2443324
2436670
2439018
2434805
2439195
2433520
2438233
2438538
2435865
2433489
2438346
2435071
2436818
2436433
2439187
2436771
2433658
2443247
2442961
2440742
2433996
2434590
2438161
2439093
2434829
2438259
2442101
2437684
2437532
2442381
2436870
2436322
2436609
2442109
2441010
2439604
2441419
2442648
2435683
2434583
2437760
2440710
2434551
2435801
2441742
2442530
2443392
2441665
2435690
2436292
2441496
2438292
2437978
2438231
2443333
2434387
2439884
2443160
2442998
2434309
2441906
2436079
2440745
2434421
2433535
2438683
2439982
2434519
2441974
2435758
2440863
2438560
2442528
2441898
2436768
2439199
2433685
2443099
2437680
2438777
2437314
2442255
2437147
2438287
2436343
2441935
2433956
2437048
2441282
2434767
2433881
2442285
2438961
2436997
2438869
2438377
2440615
2435886
2436337
2441454
2434262
2438545
2442106
2440471
2437895
2438624
2439998
2435685
2439307
2443089
2438858
2439565
2434074
2433461
2442660
2441612
2440114
2438897
2435531
2439078
2436641
2441776
2437310
2438496
2439162
2435253
2439952
2438763
2436086
2443180
2436653
2436346
2433850
2442718
2441601
2434834
2442059
2433691
2442766
2442344
2434271
2439358
2439226
2437934
2436082
2438507
2443097
2438195
2440951
2437000
2434164
2441084
2434899
2434738
2440295
2439219
2438570
2434932
2438151
2441477
2434869
2442527
2434884
2434107
2442776
2433754
2439751
2437453
2434231
2439839
2441547
2436272
2440695
2435785
2438511
2443094
2436532
2439553
2436822
2434338
2439428
2440024
2435740
2435590
2436764
2441097
2436091
2436156
2439340
2435464
2436336
2443425
2440112
2437905
2442887
2440688
2437756
2440624
2435285
2433586
2436113
2436501
2437871
2434642
2439863
2435774
2438652
2440720
2439347
2440262
2436084
2438855
2441579
2442463
2442584
2439652
2437690
2443020
2442111
2433873
2440168
2433838
2443219
2438752
2440364
2433656
2443435
2442818
2439711
2438098
2434758
2437531
2442049
2435061
2436171
2435804
2439678
2442438
2437508
2440538
2434407
2442872
2436744
2441979
2437152
2438009
2437965
2433786
2437621
2435343
2440081
2440309
2435807
2441736
2437947
2437463
2439007
2443220
2436731
2442622
2435985
2437935
2435100
2441794
2433638
2441551
2435012
2435915
2442693
2436721
2436786
2440043
2439408
2440033
2435484
2443088
2442811
2441851
2437828
2442769
2441866
2443218
2441938
2443429
2440365
2435562
2434278
2436136
2438116
2441575
2441198
2440405
2435287
2441145
2435657
2435549
2437339
2435927
2434622
2442638
2440231
2437922
2443009
2435622
2442410
2442826
2435006
2443235
2436632
2439389
2442688
2437216
2439000
2433670
2440738
2440644
2439533
2435508
2434156
2436333
2437094
2443396
2440940
2442112
2434024
2437845
2437178
2441688
2442241
2434272
2436570
2433859
2439464
2437242
2439880
2435954
2439115
2443119
2433932
2442710
2443173
2436154
2441364
2434550
2435835
2439114
2440207
2442861
2442005
2439612
2440416
2439423
2442711
2435451
2436863
2434171
2443335
2439540
2442511
2436116
2435368
2439938
2436505
2442742
2440128
2433456
2437952
2438270
2437120
2440485
2441887
2439497
2438690
2438595
2436861
2438920
2441953
2434894
2434908
2442948
2434746
2440452
2440648
2434296
2440660
2441956
2442938
2437807
2440613
2437186
2434729
2435411
2440991
2440657
2439690
2442141
2440845
2436988
2436526
2440070
2437215
2435913
2437853
2440671
2437295
2434142
2438194
2439496
2442702
2439390
2443351
2435732
2441129
2441079
2442873
2439655
2438124
2435809
2443430
2443371
2434602
2440314
2433693
2436960
2434677
2443439
2438267
2437268
2441336
2438577
2441393
2436274
2442925
2433789
2434146
2443100
2437882
2436823
2437456
2434451
2441585
2436315
2441116
2436783
2435231
2437897
2439085
2441055
2440964
2441085
2442368
2441929
2440939
2438735
2436308
2435947
2437640
2437623
2436926
2438693
2443314
2442801
2435980
2442383
2440945
2436648
2437413
2438014
2434813
2439156
2439047
2437427
2434033
2440894
2435230
2440502
2442291
2436787
2435082
2435718
2435376
2436524
2433771
2436580
2434342
2437607
2441801
2442011
2438030
2435556
2440518
2436850
2442211
2438598
2433559
2442983
2441504
2439772
2443283
2439269
2442866
2438376
2438433
2436989
2439268
2435755
2435198
2441048
2434775
2440009
2440167
2439204
2435147
2436031
2436738
2436930
2434564
2435822
2435190
2439468
2441217
2443410
2435632
2443202
2441269
2434585
2433887
2441895
2436279
2442382
2438454
2437836
2436817
2434982
2438704
2437511
2443123
2435970
2439294
2438635
2442341
2439364
2435652
2440097
2440060
2435377
2435065
2433877
2437283
2442726
2443012
2441260
2442665
2439356
2435074
2434366
2437234
2436175
2440371
2439312
2434814
2437520
2437029
2434995
2439709
2440499
2435891
2433653
2442376
2440344
2437733
2434685
2440015
2441774
2438165
2437731
2433890
2439359
2441237
2435579
2436803
2440590
2437139
2442212
2436643
2438129
2435164
2434631
2433511
2434498
2441936
2434297
2435138
2441324
2442650
2436779
2437373
2435132
2433863
2434066
2436090
2439635
2436473
2435120
2436664
2434020
2440488
2441012
2442907
2439343
2439728
2439837
2441146
2434400
2442903
2439419
2441444
2436004
2442698
2435302
2437438
2435821
2440729
2438291
2441234
2439072
2442116
2439771
2437390
2434018
2435410
2435174
2438851
2439040
2439445
2435237
2435803
2441039
2434636
2439285
2441626
2441283
2436148
2435263
2435432
2433796
2437061
2440420
2437058
2440357
2437195
2441176
2435402
2439067
2438424
2435400
2439621
2442378
2435212
2436021
2435387
2433473
2438295
2442637
2434390
2433834
2439679
2435522
2442270
2439639
2442868
2442156
2436262
2437981
2434975
2442786
2438944
2439671
2435196
2440665
2434346
2437844
2434605
2438031
2440241
2438504
2435107
2440708
2442002
2435555
2437385
2437321
2435323
2436622
2441959
2442856
2437628
2437130
2437057
2438042
2441911
2434251
2441008
2440247
2433973
2434954
2435106
2435997
2440141
2439475
2433566
2441320
2441436
2438302
2438166
2438366
2433483
2440679
2434790
2436249
2437393
2439266
2438143
2441311
2436200
2434160
2436514
2435904
2434055
2435619
2439159
2434283
2441660
2433689
2441565
2441424
2440090
2434384
2442930
2433857
2438413
2442459
2439563
2433688
2433910
2439775
2439627
2435408
2439979
2436968
2436134
2434324
2438575
2443199
2439353
2436074
2441897
2439113
2438168
2441367
2442831
2438133
2441978
2436248
2441495
2437448
2437605
2441692
2443388
2441467
2439695
2437183
2439177
2435643
2434671
2439135
2435446
2435135
2440903
2434010
2434937
2436069
2440281
2434983
2433858
2437027
2437379
2435565
2433908
2434117
2440735
2439230
2440949
2439964
2441014
2439129
2438817
2438638
2433569
2435383
2438561
2439383
2440724
2438016
2437160
2442617
2442937
2441059
2435598
2437425
2437606
2442623
2434515
2433475
2438614
2443383
2436943
2434632
2435308
2440779
2435776
2433765
2437256
2435261
2438750
2440311
2434697
2433918
2438388
2436234
2440451
2438723
2434890
2435719
2441286
2433972
2433634
2436597
2438650
2442454
2438813
2435116
2436657
2440048
2438473
2440021
2441316
2433855
2442809
2442196
2436581
2442145
2433494
2435730
2439272
2440919
2435951
2442881
2442055
2436384
2440649
2438394
2434673
2439014
2439192
2438854
2439480
2440462
2433527
2441049
2434962
2442865
2435591
2437781
2434367
2440594
2443361
2438273
2435431
2442502
2435993
2443239
2434847
2438542
2439812
2436862
2441178
2442047
2439197
2437454
2437896
2433717
2439826
2434721
2439907
2441177
2438681
2436692
2433459
2438245
2435176
2442462
2440126
2437708
2433959
2442915
2441836
2441370
2437282
2441684
2434079
2435851
2434610
2441744
2433810
2433641
2438536
2434527
2438514
2438903
2433821
2442721
2434943
2440839
2438468
2434165
2435393
2440825
2442050
2438698
2442673
2442517
2442751
2442882
2443305
2434516
2437964
2442345
2435145
2440443
2441262
2434900
2440402
2441566
2433655
2442592
2438582
2443375
2436097
2434815
2438501
2433742
2437915
2441194
2436848
2434433
2437358
2439128
2443006
2434186
2435840
2438830
2435638
2436963
2441714
2440014
2443047
2442973
2443118
2435651
2436316
2439518
2439955
2441182
2436753
2437258
2439568
2441094
2437274
2436061
2442641
2435245
2436680
2443065
2438322
2440037
2441986
2441591
2438058
2435580
2433979
2433533
2441586
2438819
2436728
2440768
2440446
2437118
2437199
2436359
2438992
2433643
2438323
2436674
2435923
2437230
2437618
2442519
2439747
2439903
2440533
2436357
2438602
2441482
2436394
2442173
2434027
2439411
2443304
2437837
2438669
2438956
2438344
2440050
2437437
2435347
2442057
2436111
2440376
2435476
2437383
2440727
2441089
2437683
2438419
2441478
2441994
2440947
2433966
2438093
2439638
2435049
2439160
2433519
2436583
2436797
2441890
2439785
2442749
2437447
2439346
2436260
2434980
2443356
2439467
2443431
2439399
2433602
2435295
2433662
2437903
2433590
2436681
2436284
2433540
2434843
2436985
2437908
2442090
2442885
2434311
2436958
2437337
2434893
2441937
2441920
2443382
2442522
2439296
2442276
2433534
2441400
2440208
2438502
2437123
2434453
2441577
2439404
2441759
2433942
2439037
2437727
2438801
2440923
2434454
2440877
2441423
2438774
2435349
2443272
2437815
2438436
2436676
2435984
2440701
2436275
2442791
2437714
2441069
2435677
2434696
2437114
2437182
2438710
2436994
2443414
2435896
2434941
2442509
2433734
2433575
2443337
2433652
2434759
2440454
2442444
2441343
2437108
2437334
2434274
2434469
2435139
2438958
2435083
2443298
2438709
2441505
2436397
2434327
2440131
2437798
2438193
2436059
2437404
2436888
2441713
2440256
2439994
2443285
2438040
2440203
2438994
2438237
2439892
2442951
2436938
2438599
2435666
2440586
2439954
2435557
2443190
2434822
2439097
2436325
2440899
2441621
2438820
2442061
2442631
2435664
2438341
2436722
2440493
2433747
2435819
2437324
2434057
2435539
2441135
2438310
2433906
2442944
2442643
2440429
2435211
2443415
2437705
2434530
2434258
2435779
2440632
2439920
2438930
2439215
2437785
2442864
2441131
2441409
2443154
2435055
2441305
2435424
2437480
2439849
2435593
2438576
2436413
2433466
2437747
2442292
2440319
2441765
2436342
2435653
2438914
2435222
2436529
2438038
2438130
2440726
2437883
2439388
2442235
2434789
2436060
2434063
2435834
2438810
2439076
2435227
2434649
2434926
2438522
2435983
2437042
2434751
2439557
2438743
2442193
2442558
2441204
2435768
2436032
2433682
2438427
2434115
2439367
2442131
2436119
2436672
2434191
2437603
2439009
2436594
2439800
2442103
2441655
2439038
2435792
2437035
2443366
2443266
2440821
2437749
2435714
2436078
2436489
2434768
2436845
2435846
2442295
2433951
2436358
2437527
2437912
2436080
2434284
2437416
2440617
2438833
2437316
2439886
2437222
2441644
2439906
2441860
2442792
2434513
2439850
2435814
2441240
2438749
2437402
2434351
2441112
2440270
2441492
2442430
2437098
2435433
2436348
2436820
2434732
2434459
2435003
2440524
2435460
2434625
2441140
2442143
2440535
2434600
2435608
2436793
2438336
2436143
2435189
2436376
2434401
2441077
2437020
2439576
2440978
2441881
2442923
2434859
2439894
2443007
2441578
2434218
2442070
2440188
2441707
2435972
2439916
2437702
2435421
2439500
2433463
2442632
2443087
2438010
2438884
2433661
2434800
2439832
2437104
2440204
2442541
2441111
2437026
2434475
2437011
2437469
2442488
2441696
2436179
2435482
2434183
2434853
2433448
2439768
2442995
2441562
2441640
2435166
2438868
2436543
2437902
2439915
2433828
2442144
2441123
2435687
2440240
2437289
2439327
2441013
2440508
2439488
2439036
2443022
2435917
2441896
2441164
2441500
2436918
2433949
2443048
2435247
2441041
2438119
2442411
2437581
2435695
2437943
2435063
2436040
2442489
2437189
2437652
2437362
2438620
2440564
2442431
2434069
2434385
2433618
2437266
2436993
2433798
2441589
2441659
2434028
2442816
2434428
2440808
2441927
2434559
2436387
2438125
2443138
2436843
2434438
2438104
2438094
2440163
2438640
2442197
2440539
2438770
2440854
2442189
2434288
2439610
2441775
2433690
2441138
2434968
2441568
2437113
2437894
2435893
2441449
2437847
2441592
2434662
2442406
2433648
2434118
2434476
2436071
2440789
2443064
2435855
2433471
2440905
2440893
2434952
2437106
2442578
2439550
2441033
2434736
2436696
2434501
2437916
2439605
2436100
2443248
2441275
2442857
2436172
2437444
2442549
2442803
2441093
2434690
2440999
2438707
2438741
2434155
2437395
2441613
2434927
2440439
2440333
2441667
2440712
2436375
2442079
2439493
2435823
2438154
2433715
2435941
2442768
2437755
2435277
2436893
2439593
2440773
2436975
2434399
2439842
2434192
2439580
2434375
2433457
2441167
2440674
2435181
2439970
2438426
2434392
2443384
2436151
2442427
2442910
2442780
2443321
2437571
2443331
2437672
2439573
2439026
2434760
2434319
2436889
2434953
2439471
2439756
2438966
2441526
2441694
2439780
2441248
2433614
2436051
2439295
2437171
2438771
2439803
2442128
2442191
2434593
2442934
2434124
2438736
2441331
2443029
2437068
2439203
2443276
2442335
2436340
2442302
2433621
2438415
2433637
2438828
2442524
2435817
2435015
2435478
2438978
2441967
2436255
2433872
2434836
2435303
2436389
2442548
2439798
2438880
2437431
2437613
2433778
2439631
2439791
2440423
2435502
2441332
2442820
2437724
2434252
2442573
2442132
2433665
2442317
2435727
2435906
2438420
2433733
2433738
2438682
2437388
2433726
2438202
2441563
2436127
2438608
2434635
2435706
2439701
2434713
2434797
2438369
2433930
2434801
2436767
2438001
2438443
2441383
2438838
2437913
2441864
2439008
2440219
2434874
2437326
2442108
2441918
2441921
2434907
2434990
2441862
2438918
2440747
2433960
2438925
2439572
2433486
2437038
2434608
2438081
2434029
2439746
2438265
2439707
2435859
2441261
2436808
2441972
2434495
2441733
2433467
2434644
2439632
2441610
2439342
2436996
2440926
2439977
2439766
2438929
2434042
2440171
2442466
2440412
2437421
2439876
2435793
2437712
2438224
2434355
2439616
2439172
2442713
2438062
2441533
2434260
2439075
2433969
2440553
2436520
2436463
2439281
2434862
2438256
2438641
2437732
2438676
2438019
2437555
2440398
2441502
2433660
2440872
2440770
2443194
2441702
2434916
2437251
2435348
2433845
2438371
2436677
2439325
2442470
2443387
2436064
2442755
2439179
2442709
2438552
2435856
2442668
2436877
2436191
2442877
2443070
2439539
2438562
2434105
2441747
2433903
2439227
2440373
2435647
2437290
2437918
2434294
2438942
2440916
2434170
2441545
2439828
2439870
2441434
2442392
2438375
2438472
2438444
2443434
2435040
2436132
2438107
2438386
2443293
2441227
2436914
2438941
2433470
2440022
2438818
2438068
2440006
2442699
2442432
2442633
2435118
2433931
2436857
2439724
2435344
2435293
2441017
2436385
2438699
2434358
2441784
2434745
2436515
2440643
2435560
2439896
2438867
2436719
2439202
2438780
2438066
2434224
2437655
2440449
2440920
2440635
2440133
2434574
2441932
2442593
2434478
2439444
2437888
2438714
2439393
2439827
2434830
2443083
2440806
2434480
2440578
2438503
2437834
2439622
2442048
2441426
2442970
2439146
2441219
2442506
2436065
2440317
2437550
2434493
2441310
2436205
2442964
2439382
2438993
2438935
2435386
2440150
2441206
2438850
2434166
2436465
2433674
2442097
2438986
2433522
2437116
2434807
2434302
2442366
2441348
2435178
2434504
2441254
2441615
2436599
2434214
2436030
2434471
2435465
2435936
2441817
2436123
2438904
2441553
2438111
2443344
2433499
2441571
2442828
2441819
2440588
2443182
2434241
2439767
2434499
2439271
2434446
2437865
2437529
2434135
2434569
2440004
2438722
2434058
2437910
2437095
2437270
2441650
2442452
2441209
2437741
2436740
2436088
2442974
2437533
2440318
2443349
2436658
2441442
2442490
2438333
2435371
2435034
2436437
2438407
2436048
2434510
2443310
2440266
2441136
2441874
2437859
2435244
2440650
2443352
2436814
2441955
2437919
2443170
2442284
2434749
2437158
2433623
2437832
2435795
2443297
2436365
2438567
2439482
2437914
2435028
2437107
2436849
2438983
2441403
2443270
2443240
2438252
2438695
2436368
2436623
2438812
2433578
2437787
2438324
2437129
2434339
2437575
2440388
2443079
2436208
2433961
2437553
2440721
2442595
2441975
2433851
2438847
2442909
2441546
2435322
2439615
2440600
2441686
2437338
2437354
2438799
2434645
2437753
2440661
2437484
2434474
2434244
2440078
2440410
2442435
2442053
2442260
2435759
2435366
2438981
2436718
2440762
2433781
2439743
2438947
2436776
2439096
2441375
2436794
2436923
2437736
2434730
2434560
2437488
2443021
2442602
2440741
2437109
2441292
2443153
2436003
2439450
2440404
2433678
2439589
2441879
2438630
2439323
2440435
2443264
2436417
2440437
2441327
2443152
2435226
2435108
2436851
2437204
2439889
2441149
2435517
2439713
2433948
2440142
2441540
2434127
2439232
2433568
2435806
2438697
2440765
2436886
2440153
2441137
2443025
2436347
2434041
2442950
2437893
2439426
2442600
2439225
2442089
2437327
2439345
2435701
2435498
2437346
2441394
2441813
2439549
2438487
2442117
2437917
2440601
2434025
2440349
2437982
2441886
2442596
2434533
2443422
2439087
2437693
2443294
2440532
2441239
2439315
2434987
2439362
2435930
2442939
2439165
2436967
2442810
2439385
2436035
2441042
2442972
2433794
2438192
2439003
2439530
2441793
2434867
2440681
2434739
2442180
2440186
2439451
2436058
2438123
2441058
2440602
2438013
2443312
2441462
2442217
2437376
2437345
2440706
2435254
2439148
2440592
2439176
2435990
2440987
2436160
2438340
2434228
2440442
2439090
2436206
2434158
2435112
2435444
2435406
2439059
2435232
2440327
2435536
2433724
2441044
2437522
2434359
2441757
2436410
2437629
2436428
2435525
2434886
2436009
2441397
2442306
2441009
2439731
2443381
2438569
2435752
2439672
2441398
2440236
2433705
2442696
2433686
2440291
2438902
2440225
2442745
2441649
2434587
2435435
2442353
2433997
2435184
2441567
2434232
2435884
2434035
2441317
2438923
2441489
2439405
2433462
2440085
2442127
2435030
2437391
2442482
2443132
2443122
2437170
2438589
2438307
2435048
2437792
2441445
2437065
2438327
2438713
2443437
2442362
2441602
2439662
2434985
2439669
2437669
2437988
2433506
2434849
2442415
2438581
2433729
2438800
2434335
2439558
2437411
2434748
2441822
2440268
2443406
2440386
2442748
2435509
2441628
2440732
2434947
2435146
2438611
2433860
2436792
2438593
2442860
2438196
2440867
2437369
2433472
2439141
2436537
2436942
2437265
2441828
2436769
2438262
2443002
2436899
2436574
2438805
2442409
2441091
2440325
2440565
2439618
2437774
2443159
2438984
2437759
2443370
2438711
2437779
2440401
2436159
2438558
2440287
2441386
2441278
2433567
2434256
2440360
2442272
2433897
2436982
2441321
2437866
2436008
2437034
2439776
2436306
2442354
2439402
2442346
2434435
2438497
2434175
2441396
2443290
2438006
2441711
2442207
2435057
2436355
2441186
2434562
2441618
2440461
2435553
2434434
2435352
2435901
2441346
2438627
2442670
2438715
2440869
2443203
2439167
2442822
2437409
2438744
2437697
2438041
2442001
2435573
2441156
2437167
2436408
2437858
2440690
2437547
2440413
2435109
2434766
2435780
2434092
2441443
2438826
2441213
2441739
2440396
2442442
2439574
2435773
2433543
2435182
2438180
2437983
2438891
2433642
2439727
2438079
2434373
2440804
2440889
2442455
2442926
2437568
2441360
2442237
2437720
2438378
2438313
2439189
2441473
2440985
2434239
2437899
2438945
2440205
2441782
2443334
2437861
2439089
2434979
2441127
2440267
2440381
2438862
2439960
2434103
2438400
2441734
2435907
2439025
2434866
2439647
2440052
2439436
2435033
2435162
2436477
2437424
2442703
2435847
2438201
2442449
2437084
2442566
2438145
2443405
2438077
2439153
2439547
2437904
2436725
2433761
2433500
2435518
2433722
2437892
2437638
2439857
2438551
2434763
2434082
2441018
2443093
2435273
2437486
2438730
2441493
2436842
2436230
2440577
2433963
2442441
2443172
2434301
2434246
2443000
2436125
2440906
2433777
2434008
2442888
2435183
2437031
2438059
2436964
2440250
2440229
2434762
2442316
2437617
2440641
2437164
2437012
2438127
2440521
2441172
2441078
2442518
2434643
2437190
2435965
2436330
2442510
2441257
2435852
2434362
2442624
2436309
2439665
2440149
2433770
2438128
2437536
2437860
2434034
2442644
2442169
2440140
2437100
2438606
2442715
2436312
2437791
2440407
2433967
2434809
2433950
2441399
2440917
2436500
2437577
2438841
2437146
2439840
2441349
2436925
2441509
2437601
2435688
2438727
2434312
2435485
2443260
2441787
2439452
2436545
2436231
2443015
2437432
2439031
2442370
2442758
2438673
2436682
2434374
2438012
2437423
2442492
2435369
2441719
2437770
2436806
2434547
2438546
2437161
2436496
2434343
2437317
2440557
2439714
2436714
2433697
2442843
2440974
2434039
2436302
2434655
2438911
2439432
2440703
2436510
2437269
2438099
2436458
2433927
2437465
2434098
2442073
2442243
2437015
2434795
2440589
2439498
2435243
2434981
2438521
2435641
2436005
2442175
2436588
2435805
2436204
2435092
2439020
2437244
2433680
2443142
2441599
2439507
2443307
2440230
2441754
2443400
2436561
2433510
2439602
2436456
2442075
2441115
2433764
2433679
2434176
2440707
2438912
2441027
2442727
2439094
2439705
2438035
2433947
2440786
2439105
2440065
2439221
2439921
2438318
2438086
2437886
2438020
2434412
2438211
2436933
2436445
2443098
2438591
2440124
2440079
2436689
2442167
2435698
2442186
2441783
2441472
2437347
2441695
2440330
2442318
2440555
2435486
2433539
2443137
2441029
2438657
2442504
2438046
2436760
2442158
2441086
2435827
2438089
2439941
2437083
2435252
2439239
2436225
2440162
2438548
2438212
2439648
2437984
2442884
2441406
2434210
2435655
2442616
2438613
2439386
2435011
2443105
2436874
2437543
2442788
2436219
2438759
2443404
2441706
2443014
2441437
2436908
2433582
2435802
2434318
2435025
2434334
2434731
2434490
2441299
2441162
2436270
2435684
2436860
2433523
2436424
2433958
2435881
2441200
2440800
2434202
2435585
2439761
2437608
2443340
2436167
2442399
2435298
2443125
2437911
2437771
2435414
2437281
2439448
2441745
2442314
2436398
2437649
2440802
2441868
2436157
2434197
2434229
2440296
2433954
2440059
2437909
2440646
2440583
2433791
2433720
2436506
2440815
2437117
2439704
2441933
2434402
2442219
2439817
2440932
2442456
2438623
2435646
2440160
2439972
2435123
2437207
2438675
2437855
2441415
2440104
2435497
2434945
2435141
2439211
2440696
2438411
2433767
2443092
2442425
2434120
2441524
2435818
2442275
2439161
2441990
2439216
2436516
2433854
2435354
2440813
2434911
2442777
2435445
2440088
2436259
2436044
2435934
2439144
2436675
2440714
2439658
2437596
2434770
2441980
2435056
2434044
2438564
2439124
2436267
2437999
2433528
2442343
2441820
2440743
2440480
2438174
2435008
2443124
2439967
2441339
2434885
2441301
2434850
2439460
2433478
2441789
2442339
2442328
2441729
2439607
2440259
2435089
2439706
2439331
2442372
2442157
2442807
2441083
2441522
2441011
2434169
2437685
2435868
2435537
2440139
2439598
2438848
2437261
2435024
2435373
2434707
2433624
2442960
2437563
2437648
2433728
2443224
2434548
2434243
2440472
2440878
2442461
2437927
2442228
2435716
2434307
2435811
2437487
2439948
2440787
2440960
2442013
2442744
2436320
2440328
2440931
2436950
2435364
2442085
2436070
2438072
2434080
2441179
2442608
2438317
2434332
2439544
2440468
2443211
2439882
2436118
2433493
2435165
2437211
2435210
2436690
2439505
2434141
2441185
2435491
2442793
2442565
2435228
2438959
2437166
2439151
2436883
2433485
2434086
2442267
2434740
2437155
2436807
2441652
2437786
2440879
2435098
2434006
2441552
2438430
2437501
2436266
2438721
2440338
2438167
2435045
2433502
2439245
2435452
2438972
2433985
2441420
2439387
2442516
2438184
2436145
2434883
2442356
2435470
2442695
2442954
2438513
2438219
2436432
2434568
2437014
2436533
2442931
2438370
2442494
2435988
2436338
2437505
2441514
2437969
2442433
2439455
2441751
2442723
2435979
2439247
2433871
2440882
2442997
2435895
2442613
2440095
2441924
2440579
2436093
2441088
2434371
2440713
2437659
2437491
2441107
2441003
2442289
2434159
2434413
2435663
2434939
2434464
2436559
2437556
2443322
2433921
2439815
2441481
2437773
2434053
2443049
2433899
2437203
2436444
2441772
2438434
2436935
2441627
2438753
2433558
2440222
2435350
2439013
2434204
2434921
2439422
2437675
2440731
2439520
2436092
2433968
2437023
2434052
2441799
2439184
2441355
2441380
2439667
2434689
2440994
2439001
2442708
2441614
2433716
2439190
2435756
2441827
2434110
2436555
2441771
2443325
2441620
2442352
2435772
2434951
2434452
2441220
2443323
2434778
2441216
2441340
2434046
2443241
2442626
2439986
2440201
2440053
2439642
2442393
2440851
2441105
2441656
2440503
2438397
2439519
2439086
2441071
2437284
2439663
2435477
2442242
2435428
2438296
2440523
2441515
2436593
2435933
2436372
2439900
2438399
2440995
2436566
2439726
2437081
2439556
2438974
2441238
2437188
2436081
2440677
2438656
2440844
2442474
2438803
2438618
2438740
2442683
2436986
2440788
2440415
2442707
2434633
2440702
2436875
2440054
2440686
2442771
2433723
2435274
2441945
2436130
2442575
2439306
2434572
2436000
2440771
2442483
2439961
2440216
2435093
2438147
2434861
2442691
2435059
2441807
2442967
2442030
2441253
2434139
2436133
2440880
2433562
2442084
2440067
2438257
2439555
2437614
2442737
2437678
2438199
2437028
2439899
2442805
2443212
2436077
2443032
2439942
2435187
2435973
2435967
2433768
2436564
2433900
2440355
2439110
2439871
2443329
2436666
2434014
2440548
2434880
2442770
2439806
2433843
2436549
2439258
2437466
2439150
2436223
2440984
2442676
2439734
2441468
2433888
2437932
2436934
2440182
2436801
2434856
2438225
2441824
2442126
2433545
2439741
2441201
2438653
2440605
2436530
2442781
2435876
2441056
2434336
2438356
2443316
2435110
2441915
2437750
2433650
2441704
2442588
2436977
2441878
2435871
2437757
2440306
2441766
2436671
2434021
2437544
2439515
2441574
2440888
2433626
2441421
2440379
2440678
2435974
2440796
2440527
2441528
2442966
2435919
2436589
2440456
2441534
2437587
2434640
2442775
2441857
2440510
2435114
2436120
2434316
2436017
2440302
2437405
2434828
2441976
2442605
2437814
2439017
2439252
2436527
2437498
2442298
2435545
2443165
2437071
2434842
2436412
2439457
2436992
2435918
2439041
2443191
2442767
2434865
2437422
2437002
2439793
2436011
2443262
2442123
2442671
2439054
2435203
2435262
2441768
2441848
2434833
2434788
2440063
2440075
2441026
2433495
2436824
2441429
2436304
2437442
2437924
2436102
2435495
2437513
2440213
2433512
2437074
2436493
2435441
2434396
2440400
2434031
2433987
2439657
2435218
2437225
2436904
2438053
2437699
2434875
2439773
2443043
2433538
2438979
2442529
2443010
2440895
2434659
2440426
2442071
2441832
2441749
2436898
2435461
2435134
2439472
2437142
2440626
2437286
2442413
2441549
2438396
2436001
2438519
2438645
2443231
2437288
2437049
2438112
2434266
2442451
2439877
2438751
2434919
2437666
2442405
2439548
2434147
2433696
2443052
2443269
2442121
2434679
2438933
2437615
2434460
2439914
2440117
2442423
2434508
2437993
2440134
2443074
2441792
2440265
2435130
2441701
2442325
2440181
2442118
2438002
2435614
2440329
2441629
2440383
2435213
2442838
2440950
2443432
2434415
2442389
2439623
2438348
2440195
2434539
2437148
2437418
2439107
2438393
2435842
2440509
2436024
2438228
2436590
2436042
2442337
2440596
2443408
2433469
2436819
2443120
2442277
2439983
2443296
2434227
2442093
2443183
2437374
2437656
2440774
2438382
2443104
2442979
2438856
2441708
2440093
2441859
2435358
2443367
2439620
2441722
2434543
2438793
2433600
2434458
2441306
2440868
2440260
2439088
2439686
2437616
2436046
2442283
2436821
2440980
2437485
2442000
2437762
2443291
2441570
2435314
2438412
2437875
2440614
2442564
2433776
2443347
2439384
2434054
2437949
2434230
2438926
2440560
2433676
2435857
2442692
2443108
2442395
2438085
2436691
2439022
2443069
2436710
2433695
2434910
2438795
2438288
2442753
2443411
2442959
2441433
2435766
2440658
2439693
2438778
2439943
2433647
2442192
2433552
2442469
2436147
2440763
2434728
2440580
2437370
2443346
2440817
2434015
2440469
2435168
2439019
2440954
2440500
2436402
2441800
2442913
2437653
2435125
2436121
2436536
2434494
2439511
2441435
2441697
2436361
2435869
2436809
2437645
2438069
2436571
2437642
2442124
2435235
2441418
2438995
2433995
2442797
2435338
2436483
2437024
2437625
2437519
2439700
2442226
2437600
2438670
2434133
2434687
2437022
2438857
2439825
2438802
2433612
2442559
2435649
2441318
2443221
2438899
2441016
2440178
2440775
2441351
2439262
2434377
2438096
2433709
2441590
2437079
2433846
2439029
2434503
2438660
2442107
2433445
2434724
2434394
2442065
2440656
2435599
2441407
2442701
2440301
2440832
2440491
2435961
2434470
2437595
2433799
2437096
2440278
2437141
2437843
2438029
2440298
2442023
2439326
2437449
2433619
2438927
2437325
2433892
2438712
2440997
2443082
2439543
2442028
2440809
2433773
2433657
2437869
2435404
2443330
2442265
2439508
2434354
2435723
2443443
2441212
2434591
2436940
2441699
2436366
2436761
2439502
2441043
2435578
2438924
2434455
2437037
2438083
2436492
2441344
2438402
2435240
2441855
2442044
2439478
2438457
2442232
2442833
2438597
2439788
2439373
2442580
2438445
2437173
2438678
2441748
2434798
2436495
2438022
2441047
2443034
2440094
2434545
2434122
2441196
2436705
2434217
2438331
2433588
2437799
2442712
2439838
2436678
2435336
2435890
2437933
2438973
2442783
2436565
2433607
2433501
2439092
2438775
2436758
2440210
2433541
2443075
2441880
2442994
2434846
2436504
2442978
2440271
2440158
2437803
2443267
2436377
2437016
2441554
2440941
2439265
2439050
2434030
2442878
2441486
2440826
2441075
2439535
2441001
2439015
2434552
2435337
2443284
2438539
2439532
2443362
2436196
2442434
2438565
2436586
2435021
2440541
2434601
2436422
2435898
2435939
2443111
2433496
2435450
2436369
2443019
2435977
2435558
2442560
2443341
2438190
2438554
2437430
2433907
2439243
2438873
2441357
2439646
2443246
2441555
2438418
2441795
2435748
2439885
2435029
2438241
2434081
2434447
2438391
2442785
2436795
2436461
2438557
2442618
2433813
2443110
2443148
2438951
2438835
2442505
2441128
2436243
2442929
2435741
2441687
2434207
2436805
2433800
2439591
2443150
2438728
2437392
2434892
2434517
2439316
2439142
2441983
2443143
2434666
2433465
2439350
2440549
2436481
2441371
2440692
2435043
2433603
2435188
2440323
2440728
2434368
2434450
2443038
2440305
2436165
2433577
2441724
2441303
2441484
2437619
2440005
2439106
2435500
2439633
2436984
2441891
2441606
2439158
2436131
2437115
2438852
2434824
2434221
2442898
2440248
2435493
2440545
2436892
2438533
2434970
2438243
2441583
2440944
2440860
2437299
2441948
2443056
2434443
2442336
2442209
2442486
2434376
2434976
2434261
2440550
2441608
2439723
2435313
2436053
2438782
2437228
2440418
2434195
2434752
2437322
2441909
2440526
2440411
2440925
2434779
2437739
2435457
2439183
2434264
2440922
2433460
2441405
2443308
2435781
2441543
2434285
2441964
2438209
2437495
2439321
2442397
2437551
2443215
2439235
2441314
2441051
2436202
2440019
2434050
2439985
2435180
2441779
2442031
2443045
2439869
2436464
2438832
2437398
2442729
2438191
2438888
2438163
2434915
2439976
2441061
2433632
2436775
2435035
2439240
2437279
2437811
2437436
2439963
2435629
2440757
2433936
2436114
2443162
2436927
2438476
2436339
2440249
2433630
2438102
2441110
2440285
2441802
2434209
2440937
2439071
2439749
2435837
2437457
2435640
2438404
2434356
2439259
2442227
2441516
2436903
2434969
2439102
2433476
2441277
2435946
2435541
2437401
2439122
2440816
2440254
2443179
2440239
2434627
2437940
2435963
2439205
2440384
2438726
2434653
2441683
2438425
2440368
2443223
2438458
2437138
2436990
2439529
2440263
2441900
2437670
2441073
2436665
2435764
2433749
2441358
2437330
2441758
2436027
2442080
2434839
2436954
2434088
2433875
2442105
2441506
2437856
2436723
2437776
2441513
2433644
2437047
2439777
2434810
2441225
2436865
2440930
2438150
2440372
2436553
2440639
2436486
2437948
2435506
2439659
2434364
2441090
2434068
2438281
2440066
2434553
2441169
2437805
2434536
2438304
2441904
2438148
2440818
2434184
2440599
2434812
2439552
2435328
2434500
2434114
2436298
2437826
2441835
2433719
2442074
2438447
2437360
2435265
2436750
2442981
2440791
2434194
2442184
2442947
2443390
2436254
2434051
2442010
2434512
2433446
2436454
2436885
2439479
2434187
2437273
2439276
2443055
2441455
2439872
2440200
2439289
2437191
2438021
2442992
2437711
2434626
2436981
2442360
2440098
2436050
2433939
2438738
2439415
2441289
2439987
2437419
2438489
2433551
2439371
2434121
2439101
2438164
2436177
2435870
2435483
2438987
2436770
2433714
2442448
2437989
2440654
2441537
2438091
2441963
2440211
2435784
2433702
2443275
2435359
2442619
2443101
2440883
2441474
2436920
2441461
2435694
2442294
2443280
2439831
2436660
2433750
2440546
2434348
2439819
2442844
2438392
2443145
2440018
2438717
2439473
2433756
2436475
2435137
2440675
2440904
2438932
2435449
2442148
2440622
2443230
2439676
2434589
2434090
2436429
2435143
2443197
2441005
2438440
2434000
2435681
2442312
2434938
2441193
2437403
2434134
2434398
2434966
2434956
2437162
2436659
2440347
2438632
2437450
2438917
2440157
2438968
2433706
2441988
2438367
2442531
2441893
2435301
2443090
2441905
2442135
2440505
2434248
2437788
2442340
2440197
2442179
2437876
2442447
2438027
2434405
2434582
2443423
2434584
2434525
2436063
2436186
2438477
2434203
2440436
2435234
2438982
2440900
2434523
2438359
2436356
2436300
2441385
2435073
2441910
2437812
2442208
2436153
2438149
2434422
2440598
2440055
2435607
2435200
2433804
2441658
2439304
2435447
2436020
2438441
2442603
2433962
2442817
2438691
2435152
2437887
2440013
2436790
2437833
2441598
2442333
2437873
2437829
2443141
2435860
2441508
2437112
2437240
2439376
2441428
2439469
2439811
2438244
2442754
2439975
2436596
2439489
2439996
2441259
2436019
2436615
2437954
2439494
2442338
2438155
2438453
2438615
2443163
2434757
2440422
2433597
2436834
2438664
2437342
2442556
2436381
2435329
2437300
2441710
2440567
2438883
2440130
2436353
2434468
2437944
2441165
2434213
2436168
2439792
2437609
2441634
2433998
2441840
2440519
2441228
2435543
2438791
2434330
2433453
2437611
2435584
2442666
2434984
2436699
2434665
2433889
2436447
2433812
2437998
2434417
2435675
2440969
2434206
2436895
2443250
2438460
2435877
2439583
2437734
2441335
2441950
2433451
2439414
2436128
2435345
2441247
2442183
2433894
2438280
2438768
2434013
2434424
2435720
2435220
2436552
2442514
2440913
2441535
2438235
2435746
2435341
2434116
2437439
2434906
2435799
2436404
2439844
2433774
2433727
2439394
2442762
2441032
2438895
2436778
2437772
2438000
2436203
2434369
2436379
2433818
2439517
2436508
2436876
2440670
2439881
2438205
2440785
2441438
2438483
2435256
2434676
2433507
2442348
2440749
2436610
2442477
2439275
2442971
2440475
2440061
2436639
2436194
2437085
2436015
2435439
2434347
2437163
2436951
2439194
2441160
2441829
2434240
2437169
2435552
2437365
2437538
2439905
2438274
2435257
2437131
2440965
2437849
2436095
2437941
2437455
2435066
2442125
2442198
2440091
2433809
2439968
2442308
2437375
2440073
2439626
2435499
2435294
2434215
2433922
2436436
2437701
2442161
2435275
2442279
2438814
2439439
2436633
2435937
2438028
2438667
2440620
2435195
2440177
2437140
2441791
2434381
2438580
2435699
2437348
2438422
2440662
2435436
2436388
2440907
2440638
2436238
2442254
2434395
2434933
2436932
2438266
2435384
2438758
2441721
2440062
2440685
2435481
2442133
2441241
2434445
2440001
2440077
2437307
2434489
2438303
2437542
2434094
2438234
2440087
2440783
2436307
2440544
2439298
2442917
2442773
2436034
2436282
2442174
2434783
2435623
2441290
2438406
2435736
2441458
2439993
2440989
2442064
2435115
2433605
2442172
2438456
2433610
2441843
2439911
2435866
2436201
2441808
2442119
2434897
2441630
2438739
2435816
2438248
2443001
2442401
2442503
2437340
2441302
2441572
2434219
2443057
2442880
2434249
2442704
2438845
2441604
2434719
2438529
2442636
2441366
2438169
2435564
2435251
2436737
2439674
2438940
2438332
2441821
2434567
2434993
2443003
2437496
2438834
2438910
2436253
2437482
2439904
2436784
2441294
2434754
2435191
2442159
2440908
2440750
2438484
2434793
2435745
2435454
2443378
2442216
2434001
2441830
2435982
2438282
2436859
2435644
2440924
2433447
2443222
2434404
2437477
2438120
2433876
2440477
2438179
2437729
2441611
2433976
2435209
2439391
2436606
2441232
2434172
2443067
2440300
2434675
2438152
2438132
2441218
2436479
2436645
2433563
2434472
2438403
2440409
2435516
2438896
2435528
2436246
2436810
2441741
2435330
2441378
2438352
2442460
2434017
2438996
2437177
2438908
2435676
2443303
2442120
2441173
2435133
2442657
2436712
2438409
2439501
2440976
2434003
2437868
2438718
2438658
2442808
2438587
2435177
2439398
2435606
2441916
2434607
2442681
2435419
2438963
2438786
2434341
2434656
2442170
2440341
2441876
2440394
2438223
2436006
2440687
2443343
2437093
2441463
2433990
2437238
2442139
2435750
2441999
2438590
2437420
2438082
2441028
2433565
2440740
2434140
2442262
2440191
2435626
2439829
2443263
2439051
2443115
2440161
2442743
2443258
2441252
2435669
2438794
2439119
2438985
2435738
2439611
2440935
2440135
2433758
2437296
2441410
2441117
2439196
2434524
2435473
2440575
2441108
2437745
2439794
2434333
2442371
2441202
2442747
2439864
2436679
2437400
2436907
2439715
2442645
2440308
2441581
2433737
2433955
2437959
2439595
2436430
2437928
2436364
2436252
2439499
2434556
2435264
2437101
2433882
2442863
2439567
2433867
2440294
2442924
2436108
2436560
2439300
2437090
2440835
2441298
2435534
2441300
2442016
2439046
2437572
2433815
2442799
2440486
2439301
2434004
2437410
2440192
2442567
2442571
2441297
2434488
2437967
2439002
2443188
2439061
2439922
2443271
2442203
2438210
2439930
2435969
2440862
2440406
2437180
2435964
2438733
2436734
2440251
2439403
2435171
2437658
2442916
2442313
2439278
2437602
2436164
2443155
2437030
2435739
2437796
2438762
2441867
2437831
2441431
2443116
2436280
2437506
2435260
2443332
2437782
2433752
2435105
2439778
2435551
2442936
2434613
2443161
2437610
2442218
2442823
2436756
2436362
2433879
2440623
2441190
2440242
2435627
2437350
2438772
2434113
2438076
2437521
2441004
2437673
2436616
2437780
2440507
2435280
2436901
2439989
2437810
2439913
2441295
2433488
2438677
2435207
2438024
2434538
2433896
2435648
2436334
2443278
2439131
2442902
2441753
2442199
2436546
2433718
2436068
2435777
2442589
2437426
2438217
2436868
2433862
2438619
2437863
2439779
2438659
2435826
2437073
2436512
2441785
2439599
2441622
2436409
2435000
2436085
2443242
2439522
2440391
2433517
2441831
2438559
2442953
2441671
2435883
2435276
2439012
2433611
2438894
2437840
2437703
2442705
2436864
2441341
2434083
2436540
2438260
2442042
2441541
2437091
2433707
2437412
2437184
2439887
2436041
2435459
2443412
2436426
2442206
2437808
2443147
2437344
2435282
2437804
2437331
2437612
2436491
2433609
2440370
2438297
2439628
2434514
2441884
2439762
2442654
2442586
2440042
2436218
2436974
2441770
2443044
2440996
2438390
2443066
2440092
2435520
2441633
2435839
2441538
2441425
2435660
2441941
2439251
2440113
2435050
2436579
2434263
2440233
2439273
2434621
2442458
2435096
2434526
2439220
2439527
2439228
2441970
2433708
2436897
2434912
2436811
2439249
2439810
2433803
2437217
2442357
2436952
2437706
2440116
2441877
2434579
2435617
2442501
2434688
2435448
2442674
2433668
2443206
2437879
2439120
2442740
2440963
2438731
2434225
2439233
2443217
2438018
2438251
2441712
2435575
2435798
2441600
2436278
2438286
2441682
2441244
2441632
2436109
2437208
2442363
2436144
2443061
2440736
2437530
2436094
2434855
2443417
2435194
2441401
2436945
2441550
2435032
2441761
2435633
2436840
2441852
2437906
2442046
2434222
2439789
2436245
2442614
2436509
2439720
2433926
2435955
2438103
2438807
2443365
2442609
2441215
2439164
2442151
2437013
2437192
2441304
2441815
2438708
2437179
2440101
2437417
2433883
2435861
2435427
2435825
2434712
2441031
2437809
2434423
2435370
2442320
2434781
2438275
2438110
2435546
2442290
2439619
2439337
2434477
2443391
2439377
2440016
2434840
2442845
2434143
2435749
2433700
2435062
2441593
2435103
2442375
2443427
2438976
2439118
2435734
2438255
2435505
2435665
2443300
2441291
2440667
2437462
2435374
2440847
2434484
2433542
2435155
2440647
2442922
2440811
2443121
2441798
2434674
2442069
2437671
2442168
2436882
2438913
2436747
2435311
2442487
2434703
2435992
2433555
2443259
2433913
2438448
2440534
2434406
2434561
2439683
2433793
2433731
2434382
2435642
2439710
2434845
2439079
2436251
2438350
2437768
2435728
2440228
2439006
2438451
2440642
2441330
2441548
2442700
2435259
2440235
2435725
2441170
2437996
2434520
2443164
2433622
2435271
2438975
2438757
2436854
2436184
2436704
2436075
2440966
2437264
2439084
2441158
2443178
2434303
2443372
2437688
2436499
2435396
2436414
2436089
2437580
2440606
2443317
2436890
2436607
2442164
2441045
2443320
2435229
2439111
2443236
2443402
2438742
2442821
2442520
2443319
2437820
2435761
2435931
2441609
2434864
2440403
2440751
2441109
2438729
2433481
2437291
2442331
2436199
2436098
2436002
2436174
2439283
2436909
2438134
2440408
2438055
2436197
2438226
2441387
2437384
2443421
2438153
2442894
2442739
2441966
2442521
2434964
2443030
2440896
2434882
2436354
2437059
2442664
2441727
2437451
2437125
2442717
2436380
2434902
2434208
2436523
2442533
2440132
2439149
2435095
2442380
2443031
2442398
2434529
2441503
2440387
2440628
2439139
2439188
2434977
2438135
2434138
2435479
2436785
2434254
2440366
2437134
2439349
2440041
2437637
2436695
2435309
2436812
2437197
2438916
2436959
2434180
2442373
2443109
2434684
2439140
2442629
2442326
2434361
2436321
2436117
2438866
2439324
2443233
2437017
2441717
2438064
2433965
2439688
2440187
